#    s        x        y     Ue/Vinf    Dstar     Theta      Cf       H
   0.00000  1.00000  0.00000  0.91011  0.044162  0.013801  0.000100     3.200
   0.00668  0.99360  0.00192  0.91333  0.041541  0.013553  0.000154     3.065
   0.01807  0.98272  0.00530  0.91902  0.038916  0.013136  0.000206     2.963
   0.03106  0.97032  0.00914  0.92625  0.036203  0.012638  0.000264     2.865
   0.04516  0.95680  0.01317  0.93479  0.033662  0.012088  0.000322     2.785
   0.06006  0.94246  0.01720  0.94436  0.031429  0.011514  0.000373     2.730
   0.07565  0.92739  0.02118  0.95477  0.029540  0.010930  0.000408     2.703
   0.09186  0.91167  0.02516  0.96601  0.027946  0.010342  0.000425     2.702
   0.10852  0.89549  0.02915  0.97813  0.026582  0.009748  0.000424     2.727
   0.12544  0.87905  0.03313  0.99118  0.025433  0.009149  0.000401     2.780
   0.14250  0.86245  0.03708  1.00528  0.024488  0.008544  0.000354     2.866
   0.15964  0.84577  0.04099  1.02074  0.023734  0.007922  0.000282     2.996
   0.17681  0.82904  0.04484  1.03799  0.023153  0.007273  0.000209     3.184
   0.19398  0.81229  0.04864  1.05764  0.022723  0.006581  0.000113     3.453
   0.21115  0.79553  0.05238  1.08107  0.022413  0.005814 -0.000006     3.855
   0.22833  0.77875  0.05606  1.10848  0.022173  0.004985 -0.000121     4.448
   0.24546  0.76200  0.05967  1.13804  0.021967  0.004162 -0.000191     5.278
   0.26249  0.74535  0.06319  1.17054  0.021738  0.003334 -0.000232     6.521
   0.27941  0.72877  0.06660  1.20814  0.021400  0.002462 -0.000301     8.692
   0.29629  0.71222  0.06990  1.24521  0.020888  0.001694 -0.000431    12.331
   0.31313  0.69568  0.07308  1.24607  0.020448  0.001680 -0.000435    12.173
   0.32994  0.67915  0.07616  1.24681  0.019762  0.001668 -0.000440    11.847
   0.34670  0.66266  0.07911  1.24750  0.018910  0.001658 -0.000444    11.405
   0.36339  0.64620  0.08193  1.24817  0.017950  0.001649 -0.000449    10.887
   0.38005  0.62976  0.08462  1.24887  0.016925  0.001639 -0.000455    10.323
   0.39672  0.61329  0.08718  1.24964  0.015854  0.001630 -0.000461     9.727
   0.41338  0.59681  0.08962  1.25051  0.014746  0.001620 -0.000469     9.105
   0.42997  0.58038  0.09191  1.25150  0.013618  0.001608 -0.000479     8.468
   0.44649  0.56400  0.09406  1.25271  0.012515  0.001595 -0.000492     7.846
   0.46301  0.54760  0.09605  1.25419  0.011438  0.001580 -0.000508     7.241
   0.47954  0.53117  0.09790  1.25602  0.010392  0.001562 -0.000528     6.654
   0.49603  0.51477  0.09961  1.25830  0.009376  0.001541 -0.000555     6.083
   0.51242  0.49845  0.10115  1.26114  0.008427  0.001517 -0.000581     5.554
   0.52875  0.48218  0.10252  1.26470  0.007561  0.001489 -0.000587     5.077
   0.54509  0.46588  0.10371  1.26908  0.006777  0.001457 -0.000540     4.651
   0.56144  0.44957  0.10475  1.27433  0.006066  0.001421 -0.000395     4.268
   0.57774  0.43329  0.10561  1.28033  0.005430  0.001383 -0.000115     3.927
   0.59394  0.41711  0.10630  1.28721  0.004879  0.001340  0.000297     3.641
   0.61007  0.40098  0.10679  1.29492  0.004419  0.001294  0.000796     3.415
   0.62617  0.38489  0.10708  1.30319  0.004031  0.001246  0.001358     3.235
   0.64227  0.36879  0.10718  1.31158  0.003713  0.001198  0.001921     3.101
   0.65836  0.35270  0.10708  1.31999  0.003433  0.001149  0.002529     2.986
   0.67432  0.33674  0.10680  1.32827  0.003174  0.001102  0.003220     2.881
   0.69010  0.32097  0.10629  1.33586  0.002951  0.001056  0.003925     2.794
   0.70583  0.30526  0.10554  1.34166  0.002797  0.001016  0.004392     2.752
   0.72167  0.28945  0.10454  1.34689  0.002660  0.000978  0.004830     2.720
   0.73747  0.27369  0.10335  1.35235  0.002502  0.000937  0.005483     2.669
   0.75302  0.25820  0.10195  1.35739  0.002337  0.000897  0.006346     2.606
   0.76841  0.24291  0.10027  1.35965  0.002223  0.000862  0.006904     2.578
   0.78386  0.22758  0.09831  1.36008  0.002141  0.000832  0.007193     2.575
   0.79934  0.21226  0.09610  1.36084  0.002043  0.000798  0.007678     2.559
   0.81467  0.19713  0.09366  1.36121  0.001937  0.000764  0.008324     2.534
   0.82983  0.18221  0.09095  1.35985  0.001848  0.000733  0.008824     2.523
   0.84493  0.16741  0.08797  1.35716  0.001775  0.000702  0.009118     2.528
   0.85995  0.15275  0.08473  1.35476  0.001692  0.000670  0.009569     2.526
   0.87475  0.13836  0.08125  1.35221  0.001599  0.000635  0.010197     2.518
   0.88915  0.12444  0.07757  1.34933  0.001488  0.000599  0.011320     2.485
   0.90314  0.11101  0.07364  1.34275  0.001405  0.000566  0.011982     2.481
   0.91683  0.09797  0.06946  1.33457  0.001346  0.000536  0.012026     2.512
   0.92993  0.08560  0.06517  1.32958  0.001239  0.000498  0.013330     2.490
   0.94206  0.07425  0.06087  1.32203  0.001116  0.000460  0.015709     2.427
   0.95332  0.06387  0.05649  1.30557  0.001055  0.000433  0.016218     2.439
   0.96371  0.05444  0.05215  1.29003  0.001004  0.000405  0.016153     2.479
   0.97301  0.04611  0.04801  1.27917  0.000917  0.000372  0.017747     2.467
   0.98119  0.03891  0.04412  1.26605  0.000834  0.000341  0.019770     2.445
   0.98837  0.03273  0.04046  1.24916  0.000761  0.000313  0.021696     2.430
   0.99470  0.02743  0.03701  1.22871  0.000690  0.000288  0.024346     2.397
   1.00030  0.02288  0.03375  1.20236  0.000640  0.000267  0.025611     2.399
   1.00527  0.01898  0.03066  1.17462  0.000584  0.000246  0.028048     2.376
   1.00973  0.01561  0.02774  1.14096  0.000537  0.000228  0.030188     2.358
   1.01375  0.01272  0.02495  1.10149  0.000494  0.000211  0.032317     2.338
   1.01739  0.01024  0.02228  1.05667  0.000462  0.000197  0.032842     2.346
   1.02073  0.00811  0.01971  1.00766  0.000418  0.000182  0.036170     2.300
   1.02380  0.00630  0.01724  0.94727  0.000396  0.000171  0.035356     2.315
   1.02664  0.00476  0.01485  0.88279  0.000362  0.000159  0.037616     2.271
   1.02926  0.00350  0.01255  0.80686  0.000347  0.000152  0.035391     2.284
   1.03171  0.00246  0.01033  0.72693  0.000323  0.000144  0.035540     2.245
   1.03400  0.00163  0.00819  0.63809  0.000316  0.000140  0.031422     2.260
   1.03618  0.00098  0.00612  0.55204  0.000300  0.000132  0.028325     2.273
   1.03826  0.00048  0.00410  0.45358  0.000278  0.000126  0.026520     2.212
   1.04024  0.00015  0.00214  0.35087  0.000275  0.000120  0.019077     2.302
   1.04215  0.00001  0.00024  0.23694  0.000227  0.000102  0.016703     2.231
   1.04400  0.00012 -0.00161  0.08426  0.000225  0.000101  0.005987     2.230
   1.04587  0.00052 -0.00343 -0.07053  0.000225  0.000101  0.005010     2.230
   1.04780  0.00123 -0.00524 -0.21076  0.000250  0.000111  0.013295     2.247
   1.04986  0.00223 -0.00703 -0.35401  0.000244  0.000110  0.023608     2.212
   1.05205  0.00354 -0.00879 -0.47003  0.000289  0.000125  0.024069     2.314
   1.05438  0.00514 -0.01048 -0.56563  0.000307  0.000137  0.029039     2.245
   1.05689  0.00705 -0.01212 -0.64200  0.000357  0.000154  0.026216     2.329
   1.05960  0.00924 -0.01371 -0.69179  0.000415  0.000176  0.023746     2.354
   1.06254  0.01171 -0.01530 -0.73656  0.000452  0.000194  0.023840     2.326
   1.06576  0.01450 -0.01689 -0.77835  0.000493  0.000211  0.022954     2.333
   1.06931  0.01766 -0.01852 -0.81246  0.000548  0.000232  0.020983     2.362
   1.07328  0.02125 -0.02021 -0.84475  0.000589  0.000251  0.020486     2.351
   1.07773  0.02534 -0.02197 -0.87715  0.000631  0.000269  0.019969     2.346
   1.08275  0.03002 -0.02380 -0.90598  0.000687  0.000290  0.018557     2.366
   1.08845  0.03539 -0.02569 -0.93506  0.000732  0.000311  0.018164     2.356
   1.09493  0.04158 -0.02763 -0.95946  0.000805  0.000337  0.016421     2.389
   1.10237  0.04875 -0.02960 -0.97911  0.000886  0.000367  0.014824     2.415
   1.11095  0.05710 -0.03158 -0.99438  0.000983  0.000402  0.013215     2.442
   1.12083  0.06678 -0.03358 -1.00489  0.001098  0.000444  0.011546     2.475
   1.13204  0.07781 -0.03556 -1.01456  0.001199  0.000485  0.010691     2.473
   1.14448  0.09010 -0.03747 -1.02272  0.001311  0.000528  0.009771     2.482
   1.15809  0.10359 -0.03926 -1.02794  0.001441  0.000575  0.008698     2.507
   1.17266  0.11806 -0.04096 -1.03325  0.001548  0.000619  0.008191     2.501
   1.18781  0.13314 -0.04249 -1.03937  0.001638  0.000659  0.007918     2.485
   1.20335  0.14862 -0.04385 -1.04427  0.001743  0.000700  0.007427     2.491
   1.21923  0.16445 -0.04503 -1.04808  0.001850  0.000740  0.006955     2.501
   1.23540  0.18059 -0.04604 -1.05054  0.001965  0.000781  0.006456     2.516
   1.25175  0.19691 -0.04691 -1.05374  0.002048  0.000817  0.006274     2.507
   1.26813  0.21328 -0.04763 -1.05647  0.002138  0.000853  0.006026     2.507
   1.28457  0.22971 -0.04819 -1.05849  0.002234  0.000888  0.005732     2.514
   1.30115  0.24629 -0.04860 -1.06006  0.002329  0.000924  0.005463     2.522
   1.31783  0.26296 -0.04890 -1.06113  0.002427  0.000959  0.005197     2.531
   1.33448  0.27961 -0.04908 -1.06288  0.002496  0.000990  0.005107     2.522
   1.35110  0.29624 -0.04912 -1.06363  0.002591  0.001023  0.004865     2.533
   1.36778  0.31291 -0.04903 -1.06424  0.002681  0.001055  0.004671     2.540
   1.38450  0.32963 -0.04882 -1.06424  0.002781  0.001089  0.004438     2.553
   1.40120  0.34633 -0.04849 -1.06411  0.002874  0.001122  0.004249     2.562
   1.41786  0.36298 -0.04803 -1.06362  0.002972  0.001155  0.004053     2.574
   1.43449  0.37961 -0.04745 -1.06234  0.003090  0.001190  0.003795     2.597
   1.45114  0.39623 -0.04673 -1.06049  0.003219  0.001227  0.003526     2.624
   1.46777  0.41285 -0.04588 -1.05786  0.003369  0.001266  0.003217     2.661
   1.48439  0.42943 -0.04489 -1.05463  0.003534  0.001307  0.002902     2.704
   1.50097  0.44597 -0.04378 -1.05051  0.003737  0.001352  0.002534     2.764
   1.51751  0.46247 -0.04253 -1.04563  0.003980  0.001401  0.002133     2.842
   1.53401  0.47892 -0.04112 -1.03983  0.004298  0.001454  0.001665     2.956
   1.55050  0.49532 -0.03957 -1.03352  0.004698  0.001510  0.001173     3.111
   1.56702  0.51176 -0.03785 -1.02706  0.005222  0.001567  0.000663     3.332
   1.58368  0.52831 -0.03597 -1.02114  0.005880  0.001621  0.000211     3.627
   1.60055  0.54506 -0.03395 -1.01614  0.006655  0.001668 -0.000120     3.989
   1.61761  0.56199 -0.03181 -1.01190  0.007527  0.001710 -0.000308     4.401
   1.63483  0.57906 -0.02959 -1.00829  0.008473  0.001748 -0.000384     4.846
   1.65218  0.59626 -0.02732 -1.00533  0.009475  0.001782 -0.000395     5.318
   1.66962  0.61355 -0.02500 -1.00291  0.010509  0.001811 -0.000383     5.803
   1.68712  0.63090 -0.02268 -1.00091  0.011551  0.001837 -0.000366     6.288
   1.70462  0.64824 -0.02037 -0.99924  0.012582  0.001860 -0.000351     6.764
   1.72205  0.66552 -0.01809 -0.99781  0.013589  0.001881 -0.000339     7.223
   1.73939  0.68272 -0.01585 -0.99655  0.014557  0.001901 -0.000330     7.659
   1.75663  0.69982 -0.01367 -0.99543  0.015466  0.001919 -0.000323     8.058
   1.77378  0.71684 -0.01156 -0.99439  0.016301  0.001937 -0.000317     8.415
   1.79085  0.73379 -0.00953 -0.99340  0.017049  0.001955 -0.000311     8.721
   1.80784  0.75067 -0.00760 -0.99244  0.017703  0.001973 -0.000307     8.974
   1.82474  0.76746 -0.00576 -0.99149  0.018248  0.001991 -0.000302     9.165
   1.84154  0.78418 -0.00404 -0.99054  0.018672  0.002010 -0.000299     9.289
   1.85823  0.80079 -0.00245 -0.98956  0.018960  0.002030 -0.000295     9.339
   1.87481  0.81731 -0.00100 -0.98853  0.019098  0.002052 -0.000292     9.308
   1.89126  0.83371  0.00030 -0.98745  0.019065  0.002075 -0.000289     9.189
   1.90759  0.85000  0.00143 -0.98628  0.018846  0.002100 -0.000286     8.975
   1.92381  0.86619  0.00238 -0.98501  0.018419  0.002127 -0.000284     8.660
   1.93987  0.88223  0.00314 -0.98360  0.017767  0.002156 -0.000283     8.239
   1.95573  0.89808  0.00370 -0.98203  0.016850  0.002189 -0.000282     7.698
   1.97131  0.91366  0.00404 -0.97207  0.015693  0.002399 -0.000206     6.540
   1.98653  0.92887  0.00415 -0.94594  0.014343  0.002957 -0.000165     4.850
   2.00124  0.94358  0.00401 -0.92042  0.012782  0.003508  0.000079     3.644
   2.01526  0.95760  0.00361 -0.90449  0.011127  0.003848  0.000616     2.891
   2.02837  0.97069  0.00296 -0.89815  0.009508  0.003983  0.001303     2.387
   2.04040  0.98268  0.00205 -0.90175  0.007990  0.003930  0.002132     2.033
   2.05125  0.99348  0.00090 -0.91617  0.006583  0.003710  0.003176     1.774
   2.05783  1.00000  0.00000 -0.91011  0.006669  0.003817  0.003170     1.747
   2.05783  1.00010 -0.00002  0.91011  0.050830  0.017618  0.000000     2.885
   2.06446  1.00660 -0.00133  0.90979  0.046535  0.017647  0.000000     2.637
   2.07221  1.01424 -0.00262  0.90848  0.044204  0.017764  0.000000     2.488
   2.08127  1.02319 -0.00398  0.90747  0.041887  0.017851  0.000000     2.347
   2.09186  1.03368 -0.00542  0.90695  0.039528  0.017895  0.000000     2.209
   2.10423  1.04596 -0.00696  0.90720  0.037083  0.017874  0.000000     2.075
   2.11869  1.06033 -0.00862  0.90848  0.034562  0.017774  0.000000     1.945
   2.13560  1.07714 -0.01040  0.91102  0.032008  0.017582  0.000000     1.821
   2.15535  1.09680 -0.01229  0.91497  0.029482  0.017298  0.000000     1.704
   2.17845  1.11981 -0.01431  0.92031  0.027057  0.016935  0.000000     1.598
   2.20544  1.14671 -0.01645  0.92683  0.024804  0.016516  0.000000     1.502
   2.23698  1.17818 -0.01870  0.93417  0.022777  0.016071  0.000000     1.417
   2.27386  1.21497 -0.02105  0.94187  0.021004  0.015632  0.000000     1.344
   2.31695  1.25800 -0.02347  0.94950  0.019489  0.015220  0.000000     1.280
   2.36732  1.30831 -0.02595  0.95672  0.018216  0.014849  0.000000     1.227
   2.42619  1.36713 -0.02843  0.96333  0.017159  0.014525  0.000000     1.181
   2.49501  1.43590 -0.03088  0.96925  0.016291  0.014247  0.000000     1.143
   2.57543  1.51629 -0.03322  0.97446  0.015585  0.014010  0.000000     1.112
   2.66944  1.61027 -0.03537  0.97898  0.015018  0.013810  0.000000     1.087
   2.77931  1.72013 -0.03723  0.98284  0.014568  0.013644  0.000000     1.068
   2.90773  1.84854 -0.03869  0.98609  0.014213  0.013507  0.000000     1.052
   3.05782  1.99863 -0.03959  0.98952  0.013905  0.013365  0.000000     1.040
