#    s        x        y     Ue/Vinf    Dstar     Theta      Cf       H
   0.00000  1.00000  0.00000  0.90692  0.037842  0.014818  0.000442     2.554
   0.00668  0.99360  0.00192  0.91233  0.035489  0.014424  0.000534     2.460
   0.01807  0.98272  0.00530  0.92035  0.032871  0.013874  0.000646     2.369
   0.03106  0.97032  0.00914  0.93037  0.030138  0.013234  0.000785     2.277
   0.04516  0.95680  0.01317  0.94184  0.027574  0.012558  0.000939     2.196
   0.06006  0.94246  0.01720  0.95414  0.025323  0.011890  0.001094     2.130
   0.07565  0.92739  0.02118  0.96679  0.023412  0.011255  0.001240     2.080
   0.09186  0.91167  0.02516  0.97969  0.021783  0.010654  0.001372     2.045
   0.10852  0.89549  0.02915  0.99292  0.020360  0.010081  0.001492     2.020
   0.12544  0.87905  0.03313  1.00635  0.019123  0.009540  0.001595     2.005
   0.14250  0.86245  0.03708  1.01988  0.018056  0.009030  0.001676     2.000
   0.15964  0.84577  0.04099  1.03348  0.017146  0.008551  0.001729     2.005
   0.17681  0.82904  0.04484  1.04713  0.016380  0.008098  0.001749     2.023
   0.19398  0.81229  0.04864  1.06091  0.015750  0.007669  0.001729     2.054
   0.21115  0.79553  0.05238  1.07489  0.015256  0.007258  0.001662     2.102
   0.22833  0.77875  0.05606  1.08941  0.014886  0.006855  0.001543     2.171
   0.24546  0.76200  0.05967  1.10482  0.014634  0.006450  0.001370     2.269
   0.26249  0.74535  0.06319  1.12156  0.014518  0.006035  0.001139     2.406
   0.27941  0.72877  0.06660  1.14036  0.014555  0.005593  0.000860     2.602
   0.29629  0.71222  0.06990  1.16257  0.014738  0.005100  0.000599     2.890
   0.31313  0.69568  0.07308  1.18991  0.015047  0.004527  0.000272     3.324
   0.32994  0.67915  0.07616  1.22464  0.015427  0.003845 -0.000070     4.012
   0.34670  0.66266  0.07911  1.26736  0.015790  0.003070 -0.000287     5.143
   0.36339  0.64620  0.08193  1.31338  0.016043  0.002305 -0.000369     6.959
   0.38005  0.62976  0.08462  1.35742  0.016083  0.001643 -0.000497     9.791
   0.39672  0.61329  0.08718  1.35897  0.016030  0.001623 -0.000503     9.878
   0.41338  0.59681  0.08962  1.36033  0.015697  0.001606 -0.000509     9.774
   0.42997  0.58038  0.09191  1.36159  0.015171  0.001591 -0.000517     9.535
   0.44649  0.56400  0.09406  1.36283  0.014526  0.001577 -0.000524     9.211
   0.46301  0.54760  0.09605  1.36411  0.013796  0.001563 -0.000533     8.826
   0.47954  0.53117  0.09790  1.36547  0.012996  0.001549 -0.000544     8.390
   0.49603  0.51477  0.09961  1.36695  0.012136  0.001535 -0.000557     7.908
   0.51242  0.49845  0.10115  1.36862  0.011254  0.001519 -0.000572     7.409
   0.52875  0.48218  0.10252  1.37057  0.010386  0.001502 -0.000592     6.916
   0.54509  0.46588  0.10371  1.37289  0.009532  0.001483 -0.000616     6.429
   0.56144  0.44957  0.10475  1.37566  0.008690  0.001461 -0.000646     5.948
   0.57774  0.43329  0.10561  1.37901  0.007873  0.001437 -0.000672     5.480
   0.59394  0.41711  0.10630  1.38306  0.007106  0.001409 -0.000675     5.042
   0.61007  0.40098  0.10679  1.38795  0.006407  0.001378 -0.000624     4.648
   0.62617  0.38489  0.10708  1.39372  0.005768  0.001344 -0.000473     4.291
   0.64227  0.36879  0.10718  1.40029  0.005208  0.001307 -0.000202     3.983
   0.65836  0.35270  0.10708  1.40777  0.004694  0.001267  0.000220     3.704
   0.67432  0.33674  0.10680  1.41622  0.004237  0.001224  0.000790     3.462
   0.69010  0.32097  0.10629  1.42538  0.003846  0.001178  0.001461     3.265
   0.70583  0.30526  0.10554  1.43445  0.003556  0.001133  0.002050     3.138
   0.72167  0.28945  0.10454  1.44340  0.003318  0.001089  0.002595     3.047
   0.73747  0.27369  0.10335  1.45282  0.003069  0.001043  0.003337     2.941
   0.75302  0.25820  0.10195  1.46199  0.002837  0.000998  0.004192     2.842
   0.76841  0.24291  0.10027  1.46937  0.002672  0.000958  0.004804     2.789
   0.78386  0.22758  0.09831  1.47543  0.002552  0.000922  0.005186     2.768
   0.79934  0.21226  0.09610  1.48184  0.002420  0.000884  0.005716     2.737
   0.81467  0.19713  0.09366  1.48809  0.002285  0.000846  0.006356     2.701
   0.82983  0.18221  0.09095  1.49310  0.002177  0.000811  0.006818     2.686
   0.84493  0.16741  0.08797  1.49750  0.002086  0.000776  0.007128     2.688
   0.85995  0.15275  0.08473  1.50253  0.001984  0.000740  0.007565     2.683
   0.87475  0.13836  0.08125  1.50804  0.001872  0.000702  0.008187     2.668
   0.88915  0.12444  0.07757  1.51392  0.001743  0.000662  0.009196     2.634
   0.90314  0.11101  0.07364  1.51763  0.001645  0.000626  0.009812     2.630
   0.91683  0.09797  0.06946  1.52060  0.001573  0.000591  0.009885     2.663
   0.92993  0.08560  0.06517  1.52738  0.001445  0.000549  0.011246     2.630
   0.94206  0.07425  0.06087  1.53313  0.001304  0.000508  0.013470     2.565
   0.95332  0.06387  0.05649  1.53220  0.001237  0.000477  0.013729     2.594
   0.96371  0.05444  0.05215  1.53360  0.001173  0.000445  0.013760     2.639
   0.97301  0.04611  0.04801  1.53966  0.001071  0.000408  0.015417     2.623
   0.98119  0.03891  0.04412  1.54483  0.000969  0.000374  0.017664     2.594
   0.98837  0.03273  0.04046  1.54763  0.000874  0.000342  0.020520     2.555
   0.99470  0.02743  0.03701  1.54627  0.000796  0.000315  0.023107     2.531
   1.00030  0.02288  0.03375  1.54204  0.000724  0.000289  0.026108     2.503
   1.00527  0.01898  0.03066  1.53392  0.000664  0.000267  0.028848     2.486
   1.00973  0.01561  0.02774  1.52294  0.000604  0.000246  0.032466     2.456
   1.01375  0.01272  0.02495  1.50657  0.000552  0.000227  0.036119     2.429
   1.01739  0.01024  0.02228  1.48442  0.000506  0.000211  0.039999     2.400
   1.02073  0.00811  0.01971  1.45539  0.000467  0.000196  0.043284     2.381
   1.02380  0.00630  0.01724  1.42039  0.000433  0.000183  0.046376     2.364
   1.02664  0.00476  0.01485  1.37835  0.000398  0.000171  0.050838     2.325
   1.02926  0.00350  0.01255  1.32526  0.000375  0.000162  0.052489     2.312
   1.03171  0.00246  0.01033  1.26585  0.000352  0.000154  0.054803     2.284
   1.03400  0.00163  0.00819  1.19851  0.000340  0.000149  0.053538     2.288
   1.03618  0.00098  0.00612  1.13161  0.000328  0.000142  0.051643     2.304
   1.03826  0.00048  0.00410  1.06833  0.000313  0.000133  0.048896     2.348
   1.04024  0.00015  0.00214  1.00285  0.000277  0.000120  0.053986     2.305
   1.04215  0.00001  0.00024  0.91568  0.000253  0.000110  0.053639     2.311
   1.04400  0.00012 -0.00161  0.80278  0.000224  0.000099  0.056074     2.256
   1.04587  0.00052 -0.00343  0.64227  0.000216  0.000098  0.048810     2.203
   1.04780  0.00123 -0.00524  0.46929  0.000229  0.000102  0.032667     2.235
   1.04986  0.00223 -0.00703  0.30296  0.000232  0.000105  0.021235     2.211
   1.05205  0.00354 -0.00879  0.14159  0.000257  0.000115  0.008830     2.228
   1.05438  0.00514 -0.01048  0.00647  0.000295  0.000132  0.000351     2.230
   1.05689  0.00705 -0.01212 -0.11484  0.000295  0.000132  0.006224     2.230
   1.05960  0.00924 -0.01371 -0.20992  0.000368  0.000160  0.008621     2.293
   1.06254  0.01171 -0.01530 -0.29271  0.000381  0.000172  0.012453     2.216
   1.06576  0.01450 -0.01689 -0.36515  0.000436  0.000189  0.012549     2.301
   1.06931  0.01766 -0.01852 -0.42639  0.000472  0.000208  0.013971     2.267
   1.07328  0.02125 -0.02021 -0.48681  0.000507  0.000223  0.014724     2.275
   1.07773  0.02534 -0.02197 -0.54179  0.000553  0.000241  0.014802     2.293
   1.08275  0.03002 -0.02380 -0.59238  0.000599  0.000261  0.014843     2.299
   1.08845  0.03539 -0.02569 -0.64055  0.000647  0.000281  0.014828     2.302
   1.09493  0.04158 -0.02763 -0.68467  0.000706  0.000304  0.014276     2.320
   1.10237  0.04875 -0.02960 -0.72371  0.000776  0.000332  0.013499     2.337
   1.11095  0.05710 -0.03158 -0.75668  0.000864  0.000366  0.012374     2.362
   1.12083  0.06678 -0.03358 -0.78533  0.000956  0.000403  0.011490     2.373
   1.13204  0.07781 -0.03556 -0.81179  0.001044  0.000440  0.010861     2.374
   1.14448  0.09010 -0.03747 -0.83481  0.001144  0.000479  0.010057     2.388
   1.15809  0.10359 -0.03926 -0.85374  0.001255  0.000522  0.009217     2.405
   1.17266  0.11806 -0.04096 -0.87089  0.001352  0.000562  0.008750     2.403
   1.18781  0.13314 -0.04249 -0.88734  0.001434  0.000599  0.008472     2.394
   1.20335  0.14862 -0.04385 -0.90134  0.001530  0.000636  0.007990     2.404
   1.21923  0.16445 -0.04503 -0.91287  0.001630  0.000674  0.007504     2.416
   1.23540  0.18059 -0.04604 -0.92270  0.001726  0.000712  0.007104     2.425
   1.25175  0.19691 -0.04691 -0.93220  0.001803  0.000745  0.006902     2.420
   1.26813  0.21328 -0.04763 -0.94097  0.001880  0.000777  0.006693     2.418
   1.28457  0.22971 -0.04819 -0.94844  0.001964  0.000810  0.006406     2.426
   1.30115  0.24629 -0.04860 -0.95455  0.002056  0.000843  0.006083     2.438
   1.31783  0.26296 -0.04890 -0.96028  0.002136  0.000875  0.005874     2.441
   1.33448  0.27961 -0.04908 -0.96612  0.002200  0.000903  0.005773     2.435
   1.35110  0.29624 -0.04912 -0.97101  0.002278  0.000933  0.005569     2.441
   1.36778  0.31291 -0.04903 -0.97519  0.002359  0.000963  0.005356     2.449
   1.38450  0.32963 -0.04882 -0.97902  0.002435  0.000992  0.005182     2.454
   1.40120  0.34633 -0.04849 -0.98238  0.002511  0.001021  0.005012     2.460
   1.41786  0.36298 -0.04803 -0.98530  0.002589  0.001050  0.004845     2.466
   1.43449  0.37961 -0.04745 -0.98747  0.002676  0.001080  0.004636     2.479
   1.45114  0.39623 -0.04673 -0.98896  0.002770  0.001111  0.004415     2.494
   1.46777  0.41285 -0.04588 -0.98967  0.002875  0.001144  0.004166     2.514
   1.48439  0.42943 -0.04489 -0.98993  0.002979  0.001177  0.003944     2.532
   1.50097  0.44597 -0.04378 -0.98928  0.003103  0.001212  0.003670     2.559
   1.51751  0.46247 -0.04253 -0.98775  0.003246  0.001251  0.003367     2.595
   1.53401  0.47892 -0.04112 -0.98513  0.003420  0.001294  0.003009     2.644
   1.55050  0.49532 -0.03957 -0.98144  0.003633  0.001341  0.002607     2.710
   1.56702  0.51176 -0.03785 -0.97645  0.003913  0.001394  0.002126     2.807
   1.58368  0.52831 -0.03597 -0.97057  0.004261  0.001452  0.001622     2.934
   1.60055  0.54506 -0.03395 -0.96435  0.004671  0.001512  0.001146     3.088
   1.61761  0.56199 -0.03181 -0.95823  0.005132  0.001572  0.000735     3.265
   1.63483  0.57906 -0.02959 -0.95250  0.005642  0.001629  0.000395     3.464
   1.65218  0.59626 -0.02732 -0.94729  0.006191  0.001682  0.000132     3.682
   1.66962  0.61355 -0.02500 -0.94264  0.006777  0.001731 -0.000061     3.916
   1.68712  0.63090 -0.02268 -0.93847  0.007376  0.001776 -0.000187     4.153
   1.70462  0.64824 -0.02037 -0.93469  0.007985  0.001819 -0.000264     4.389
   1.72205  0.66552 -0.01809 -0.93128  0.008597  0.001860 -0.000306     4.621
   1.73939  0.68272 -0.01585 -0.92824  0.009207  0.001899 -0.000325     4.849
   1.75663  0.69982 -0.01367 -0.92551  0.009794  0.001935 -0.000330     5.063
   1.77378  0.71684 -0.01156 -0.92304  0.010351  0.001969 -0.000327     5.258
   1.79085  0.73379 -0.00953 -0.92077  0.010866  0.002001 -0.000322     5.430
   1.80784  0.75067 -0.00760 -0.91867  0.011337  0.002032 -0.000316     5.578
   1.82474  0.76746 -0.00576 -0.91670  0.011750  0.002063 -0.000309     5.696
   1.84154  0.78418 -0.00404 -0.91482  0.012095  0.002093 -0.000303     5.779
   1.85823  0.80079 -0.00245 -0.91300  0.012365  0.002123 -0.000297     5.826
   1.87481  0.81731 -0.00100 -0.91123  0.012545  0.002152 -0.000293     5.829
   1.89126  0.83371  0.00030 -0.90947  0.012624  0.002182 -0.000289     5.786
   1.90759  0.85000  0.00143 -0.90770  0.012594  0.002212 -0.000286     5.693
   1.92381  0.86619  0.00238 -0.90591  0.012445  0.002243 -0.000283     5.548
   1.93987  0.88223  0.00314 -0.90408  0.012180  0.002274 -0.000278     5.356
   1.95573  0.89808  0.00370 -0.90221  0.011789  0.002306 -0.000271     5.113
   1.97131  0.91366  0.00404 -0.90032  0.011271  0.002337 -0.000255     4.822
   1.98653  0.92887  0.00415 -0.89843  0.010615  0.002368 -0.000213     4.483
   2.00124  0.94358  0.00401 -0.89662  0.009834  0.002397 -0.000117     4.104
   2.01526  0.95760  0.00361 -0.89517  0.008952  0.002419  0.000075     3.700
   2.02837  0.97069  0.00296 -0.89514  0.007985  0.002422  0.000410     3.297
   2.04040  0.98268  0.00205 -0.89814  0.006964  0.002385  0.000938     2.919
   2.05125  0.99348  0.00090 -0.90621  0.005913  0.002295  0.001730     2.577
   2.05783  1.00000  0.00000 -0.90692  0.005866  0.002294  0.001783     2.558
   2.05783  1.00010 -0.00002  0.90692  0.043709  0.017112  0.000000     2.554
   2.06446  1.00660 -0.00132  0.90957  0.040426  0.016890  0.000000     2.393
   2.07221  1.01424 -0.00259  0.91038  0.038651  0.016825  0.000000     2.297
   2.08127  1.02321 -0.00389  0.91134  0.036910  0.016749  0.000000     2.204
   2.09186  1.03370 -0.00527  0.91258  0.035155  0.016655  0.000000     2.111
   2.10423  1.04599 -0.00672  0.91428  0.033348  0.016530  0.000000     2.017
   2.11869  1.06037 -0.00825  0.91659  0.031489  0.016365  0.000000     1.924
   2.13560  1.07720 -0.00985  0.91962  0.029597  0.016157  0.000000     1.832
   2.15535  1.09689 -0.01151  0.92343  0.027703  0.015906  0.000000     1.742
   2.17845  1.11992 -0.01323  0.92802  0.025846  0.015617  0.000000     1.655
   2.20544  1.14685 -0.01498  0.93331  0.024069  0.015300  0.000000     1.573
   2.23698  1.17835 -0.01674  0.93911  0.022409  0.014968  0.000000     1.497
   2.27386  1.21518 -0.01845  0.94520  0.020892  0.014637  0.000000     1.427
   2.31695  1.25824 -0.02007  0.95134  0.019533  0.014319  0.000000     1.364
   2.36732  1.30859 -0.02153  0.95731  0.018336  0.014023  0.000000     1.308
   2.42619  1.36745 -0.02273  0.96296  0.017295  0.013755  0.000000     1.257
   2.49501  1.43626 -0.02357  0.96817  0.016399  0.013517  0.000000     1.213
   2.57543  1.51669 -0.02391  0.97291  0.015635  0.013308  0.000000     1.175
   2.66944  1.61069 -0.02356  0.97713  0.014992  0.013127  0.000000     1.142
   2.77931  1.72055 -0.02234  0.98086  0.014457  0.012972  0.000000     1.114
   2.90773  1.84895 -0.01998  0.98408  0.014017  0.012841  0.000000     1.092
   3.05782  1.99900 -0.01620  0.98779  0.013618  0.012693  0.000000     1.073
