#    s        x        y     Ue/Vinf    Dstar     Theta      Cf       H
   0.00000  1.00000  0.00000  0.98475  0.058022  0.015958  0.000202     3.636
   0.00668  0.99360  0.00192  0.98686  0.056313  0.015759  0.000224     3.573
   0.01807  0.98272  0.00530  0.99098  0.054425  0.015389  0.000248     3.537
   0.03106  0.97032  0.00914  0.99598  0.052336  0.014956  0.000272     3.499
   0.04516  0.95680  0.01317  1.00183  0.050169  0.014470  0.000294     3.467
   0.06006  0.94246  0.01720  1.00850  0.048004  0.013942  0.000311     3.443
   0.07565  0.92739  0.02118  1.01607  0.045877  0.013374  0.000322     3.430
   0.09186  0.91167  0.02516  1.02460  0.043790  0.012767  0.000327     3.430
   0.10852  0.89549  0.02915  1.03416  0.041731  0.012126  0.000324     3.441
   0.12544  0.87905  0.03313  1.04477  0.039711  0.011457  0.000319     3.466
   0.14250  0.86245  0.03708  1.05651  0.037738  0.010763  0.000309     3.506
   0.15964  0.84577  0.04099  1.06954  0.035825  0.010044  0.000285     3.567
   0.17681  0.82904  0.04484  1.08404  0.033966  0.009301  0.000241     3.652
   0.19398  0.81229  0.04864  1.10031  0.032157  0.008529  0.000171     3.770
   0.21115  0.79553  0.05238  1.11872  0.030416  0.007725  0.000057     3.937
   0.22833  0.77875  0.05606  1.13987  0.028857  0.006879 -0.000118     4.195
   0.24546  0.76200  0.05967  1.16683  0.027810  0.005905 -0.000266     4.710
   0.26249  0.74535  0.06319  1.19245  0.028726  0.005012 -0.000320     5.732
   0.27941  0.72877  0.06660  1.21987  0.029419  0.004106 -0.000363     7.165
   0.29629  0.71222  0.06990  1.24843  0.038354  0.003108 -0.000554    12.341
   0.31313  0.69568  0.07308  1.28977  0.030669  0.001905 -0.000559    16.098
   0.32994  0.67915  0.07616  1.29035  0.029983  0.001892 -0.000564    15.847
   0.34670  0.66266  0.07911  1.29084  0.029028  0.001882 -0.000569    15.423
   0.36339  0.64620  0.08193  1.29127  0.027900  0.001874 -0.000573    14.889
   0.38005  0.62976  0.08462  1.29168  0.026655  0.001867 -0.000579    14.279
   0.39672  0.61329  0.08718  1.29208  0.025323  0.001860 -0.000584    13.613
   0.41338  0.59681  0.08962  1.29248  0.023914  0.001854 -0.000591    12.900
   0.42997  0.58038  0.09191  1.29291  0.022455  0.001848 -0.000598    12.154
   0.44649  0.56400  0.09406  1.29340  0.020983  0.001841 -0.000608    11.400
   0.46301  0.54760  0.09605  1.29398  0.019511  0.001833 -0.000619    10.647
   0.47954  0.53117  0.09790  1.29468  0.018037  0.001823 -0.000633     9.893
   0.49603  0.51477  0.09961  1.29552  0.016562  0.001812 -0.000650     9.139
   0.51242  0.49845  0.10115  1.29658  0.015130  0.001799 -0.000673     8.410
   0.52875  0.48218  0.10252  1.29793  0.013761  0.001783 -0.000702     7.717
   0.54509  0.46588  0.10371  1.29965  0.012450  0.001764 -0.000738     7.057
   0.56144  0.44957  0.10475  1.30184  0.011194  0.001741 -0.000771     6.429
   0.57774  0.43329  0.10561  1.30464  0.010008  0.001714 -0.000772     5.838
   0.59394  0.41711  0.10630  1.30822  0.008917  0.001683 -0.000692     5.299
   0.61007  0.40098  0.10679  1.31272  0.007934  0.001646 -0.000473     4.821
   0.62617  0.38489  0.10708  1.31829  0.007053  0.001604 -0.000083     4.398
   0.64227  0.36879  0.10718  1.32475  0.006279  0.001558  0.000481     4.031
   0.65836  0.35270  0.10708  1.33226  0.005601  0.001507  0.001216     3.716
   0.67432  0.33674  0.10680  1.34087  0.005008  0.001451  0.002066     3.450
   0.69010  0.32097  0.10629  1.35029  0.004507  0.001393  0.002827     3.237
   0.70583  0.30526  0.10554  1.35968  0.004130  0.001335  0.003534     3.095
   0.72167  0.28945  0.10454  1.36881  0.003824  0.001278  0.004438     2.993
   0.73747  0.27369  0.10335  1.37810  0.003523  0.001220  0.005512     2.887
   0.75302  0.25820  0.10195  1.38702  0.003240  0.001164  0.006248     2.784
   0.76841  0.24291  0.10027  1.39368  0.003047  0.001115  0.006784     2.733
   0.78386  0.22758  0.09831  1.39903  0.002894  0.001070  0.007425     2.706
   0.79934  0.21226  0.09610  1.40416  0.002740  0.001024  0.008267     2.676
   0.81467  0.19713  0.09366  1.40909  0.002578  0.000978  0.008892     2.637
   0.82983  0.18221  0.09095  1.41232  0.002448  0.000935  0.009234     2.618
   0.84493  0.16741  0.08797  1.41431  0.002346  0.000895  0.009988     2.622
   0.85995  0.15275  0.08473  1.41737  0.002213  0.000850  0.010673     2.604
   0.87475  0.13836  0.08125  1.41940  0.002093  0.000806  0.011884     2.596
   0.88915  0.12444  0.07757  1.42178  0.001949  0.000760  0.012727     2.564
   0.90314  0.11101  0.07364  1.42167  0.001834  0.000717  0.012962     2.556
   0.91683  0.09797  0.06946  1.42021  0.001747  0.000677  0.014599     2.581
   0.92993  0.08560  0.06517  1.42166  0.001605  0.000629  0.017174     2.553
   0.94206  0.07425  0.06087  1.42119  0.001452  0.000582  0.017649     2.495
   0.95332  0.06387  0.05649  1.41377  0.001373  0.000546  0.017917     2.515
   0.96371  0.05444  0.05215  1.40812  0.001297  0.000509  0.019868     2.549
   0.97301  0.04611  0.04801  1.40618  0.001186  0.000467  0.022686     2.538
   0.98119  0.03891  0.04412  1.40293  0.001072  0.000428  0.025356     2.507
   0.98837  0.03273  0.04046  1.39579  0.000978  0.000393  0.028601     2.488
   0.99470  0.02743  0.03701  1.38583  0.000888  0.000361  0.031245     2.460
   1.00030  0.02288  0.03375  1.37139  0.000816  0.000333  0.035521     2.450
   1.00527  0.01898  0.03066  1.35442  0.000738  0.000306  0.037439     2.410
   1.00973  0.01561  0.02774  1.33035  0.000688  0.000285  0.041736     2.416
   1.01375  0.01272  0.02495  1.30541  0.000626  0.000262  0.045860     2.385
   1.01739  0.01024  0.02228  1.27255  0.000573  0.000243  0.048435     2.355
   1.02073  0.00811  0.01971  1.23165  0.000533  0.000227  0.050662     2.345
   1.02380  0.00630  0.01724  1.18607  0.000496  0.000212  0.054899     2.339
   1.02664  0.00476  0.01485  1.13403  0.000455  0.000198  0.056117     2.300
   1.02926  0.00350  0.01255  1.06968  0.000429  0.000188  0.056194     2.284
   1.03171  0.00246  0.01033  0.99869  0.000408  0.000180  0.053943     2.269
   1.03400  0.00163  0.00819  0.92305  0.000393  0.000173  0.051015     2.271
   1.03618  0.00098  0.00612  0.84751  0.000379  0.000165  0.049713     2.288
   1.03826  0.00048  0.00410  0.77132  0.000354  0.000154  0.050793     2.293
   1.04024  0.00015  0.00214  0.68162  0.000322  0.000143  0.043989     2.248
   1.04215  0.00001  0.00024  0.58426  0.000304  0.000130  0.048660     2.341
   1.04400  0.00012 -0.00161  0.45297  0.000254  0.000118  0.026812     2.161
   1.04587  0.00052 -0.00343  0.29304  0.000295  0.000129  0.018867     2.287
   1.04780  0.00123 -0.00524  0.14533  0.000247  0.000111  0.002722     2.233
   1.04986  0.00223 -0.00703 -0.02211  0.000318  0.000143  0.007211     2.230
   1.05205  0.00354 -0.00879 -0.15255  0.000318  0.000143  0.014040     2.230
   1.05438  0.00514 -0.01048 -0.27151  0.000353  0.000156  0.018357     2.261
   1.05689  0.00705 -0.01212 -0.36797  0.000397  0.000175  0.018458     2.265
   1.05960  0.00924 -0.01371 -0.44016  0.000464  0.000201  0.022375     2.308
   1.06254  0.01171 -0.01530 -0.50929  0.000482  0.000215  0.019969     2.248
   1.06576  0.01450 -0.01689 -0.56497  0.000557  0.000239  0.021526     2.333
   1.06931  0.01766 -0.01852 -0.61468  0.000594  0.000259  0.019717     2.292
   1.07328  0.02125 -0.02021 -0.65709  0.000667  0.000285  0.021629     2.339
   1.07773  0.02534 -0.02197 -0.70351  0.000688  0.000302  0.019940     2.282
   1.08275  0.03002 -0.02380 -0.74533  0.000759  0.000326  0.019525     2.331
   1.08845  0.03539 -0.02569 -0.78323  0.000819  0.000351  0.018298     2.331
   1.09493  0.04158 -0.02763 -0.81705  0.000897  0.000381  0.017513     2.352
   1.10237  0.04875 -0.02960 -0.84877  0.000972  0.000413  0.015239     2.355
   1.11095  0.05710 -0.03158 -0.87242  0.001098  0.000456  0.014106     2.406
   1.12083  0.06678 -0.03358 -0.89257  0.001210  0.000502  0.013209     2.412
   1.13204  0.07781 -0.03556 -0.91140  0.001321  0.000548  0.012076     2.412
   1.14448  0.09010 -0.03747 -0.92723  0.001450  0.000597  0.011015     2.427
   1.15809  0.10359 -0.03926 -0.94001  0.001587  0.000650  0.010373     2.443
   1.17266  0.11806 -0.04096 -0.95158  0.001710  0.000700  0.010071     2.443
   1.18781  0.13314 -0.04249 -0.96352  0.001808  0.000745  0.009398     2.428
   1.20335  0.14862 -0.04385 -0.97307  0.001932  0.000792  0.008929     2.441
   1.21923  0.16445 -0.04503 -0.98161  0.002044  0.000836  0.008298     2.444
   1.23540  0.18059 -0.04604 -0.98791  0.002175  0.000884  0.008106     2.462
   1.25175  0.19691 -0.04691 -0.99477  0.002264  0.000924  0.007822     2.451
   1.26813  0.21328 -0.04763 -1.00092  0.002362  0.000964  0.007463     2.451
   1.28457  0.22971 -0.04819 -1.00602  0.002468  0.001004  0.007109     2.459
   1.30115  0.24629 -0.04860 -1.01027  0.002576  0.001044  0.006836     2.468
   1.31783  0.26296 -0.04890 -1.01407  0.002676  0.001083  0.006709     2.472
   1.33448  0.27961 -0.04908 -1.01822  0.002755  0.001118  0.006462     2.465
   1.35110  0.29624 -0.04912 -1.02155  0.002851  0.001154  0.006226     2.471
   1.36778  0.31291 -0.04903 -1.02448  0.002947  0.001189  0.005974     2.478
   1.38450  0.32963 -0.04882 -1.02677  0.003048  0.001226  0.005777     2.487
   1.40120  0.34633 -0.04849 -1.02894  0.003142  0.001261  0.005554     2.492
   1.41786  0.36298 -0.04803 -1.03058  0.003241  0.001296  0.005311     2.501
   1.43449  0.37961 -0.04745 -1.03170  0.003347  0.001333  0.005019     2.512
   1.45114  0.39623 -0.04673 -1.03198  0.003469  0.001371  0.004728     2.530
   1.46777  0.41285 -0.04588 -1.03179  0.003598  0.001411  0.004434     2.550
   1.48439  0.42943 -0.04489 -1.03103  0.003733  0.001452  0.004092     2.571
   1.50097  0.44597 -0.04378 -1.02947  0.003892  0.001496  0.003722     2.602
   1.51751  0.46247 -0.04253 -1.02712  0.004072  0.001543  0.003289     2.639
   1.53401  0.47892 -0.04112 -1.02385  0.004292  0.001594  0.002797     2.692
   1.55050  0.49532 -0.03957 -1.01958  0.004564  0.001651  0.002237     2.764
   1.56702  0.51176 -0.03785 -1.01429  0.004911  0.001714  0.001673     2.866
   1.58368  0.52831 -0.03597 -1.00841  0.005329  0.001780  0.001142     2.994
   1.60055  0.54506 -0.03395 -1.00228  0.005819  0.001849  0.000694     3.147
   1.61761  0.56199 -0.03181 -0.99634  0.006357  0.001916  0.000337     3.318
   1.63483  0.57906 -0.02959 -0.99081  0.006934  0.001980  0.000061     3.503
   1.65218  0.59626 -0.02732 -0.98575  0.007551  0.002039 -0.000136     3.703
   1.66962  0.61355 -0.02500 -0.98128  0.008193  0.002094 -0.000265     3.913
   1.68712  0.63090 -0.02268 -0.97723  0.008849  0.002145 -0.000340     4.125
   1.70462  0.64824 -0.02037 -0.97350  0.009495  0.002195 -0.000381     4.326
   1.72205  0.66552 -0.01809 -0.97003  0.010128  0.002242 -0.000399     4.517
   1.73939  0.68272 -0.01585 -0.96691  0.010747  0.002287 -0.000403     4.699
   1.75663  0.69982 -0.01367 -0.96408  0.011335  0.002329 -0.000400     4.867
   1.77378  0.71684 -0.01156 -0.96150  0.011876  0.002369 -0.000394     5.013
   1.79085  0.73379 -0.00953 -0.95904  0.012360  0.002409 -0.000387     5.131
   1.80784  0.75067 -0.00760 -0.95674  0.012791  0.002447 -0.000380     5.228
   1.82474  0.76746 -0.00576 -0.95455  0.013149  0.002484 -0.000373     5.293
   1.84154  0.78418 -0.00404 -0.95244  0.013424  0.002521 -0.000367     5.324
   1.85823  0.80079 -0.00245 -0.95037  0.013613  0.002558 -0.000361     5.321
   1.87481  0.81731 -0.00100 -0.94837  0.013697  0.002595 -0.000357     5.279
   1.89126  0.83371  0.00030 -0.94637  0.013671  0.002632 -0.000352     5.195
   1.90759  0.85000  0.00143 -0.94437  0.013526  0.002669 -0.000346     5.068
   1.92381  0.86619  0.00238 -0.94234  0.013249  0.002706 -0.000339     4.897
   1.93987  0.88223  0.00314 -0.94027  0.012852  0.002743 -0.000324     4.685
   1.95573  0.89808  0.00370 -0.93820  0.012319  0.002781 -0.000291     4.430
   1.97131  0.91366  0.00404 -0.93618  0.011657  0.002816 -0.000219     4.139
   1.98653  0.92887  0.00415 -0.93424  0.010854  0.002850 -0.000072     3.808
   2.00124  0.94358  0.00401 -0.93258  0.009935  0.002879  0.000197     3.451
   2.01526  0.95760  0.00361 -0.93248  0.008916  0.002882  0.000630     3.093
   2.02837  0.97069  0.00296 -0.93559  0.007842  0.002838  0.001260     2.763
   2.04040  0.98268  0.00205 -0.94325  0.006758  0.002737  0.002084     2.469
   2.05125  0.99348  0.00090 -0.95631  0.005728  0.002583  0.001966     2.218
   2.05783  1.00000  0.00000 -0.95404  0.005983  0.002623  0.000000     2.281
   2.05783  1.00010 -0.00002  0.95300  0.064098  0.018552  0.000000     3.455
   2.06446  1.00660 -0.00132  0.94929  0.058709  0.018906  0.000000     3.105
   2.07221  1.01424 -0.00260  0.94593  0.057040  0.019238  0.000000     2.965
   2.08127  1.02320 -0.00392  0.94241  0.055200  0.019582  0.000000     2.819
   2.09186  1.03370 -0.00532  0.93886  0.053136  0.019922  0.000000     2.667
   2.10423  1.04598 -0.00680  0.93548  0.050802  0.020238  0.000000     2.510
   2.11869  1.06036 -0.00837  0.93254  0.048201  0.020504  0.000000     2.351
   2.13560  1.07718 -0.01003  0.93034  0.045387  0.020693  0.000000     2.193
   2.15535  1.09686 -0.01177  0.92919  0.042397  0.020777  0.000000     2.041
   2.17845  1.11988 -0.01359  0.92945  0.039309  0.020736  0.000000     1.896
   2.20544  1.14681 -0.01547  0.93133  0.036204  0.020563  0.000000     1.761
   2.23698  1.17829 -0.01738  0.93488  0.033201  0.020267  0.000000     1.638
   2.27386  1.21512 -0.01931  0.94005  0.030393  0.019867  0.000000     1.530
   2.31695  1.25817 -0.02119  0.94614  0.027886  0.019429  0.000000     1.435
   2.36732  1.30851 -0.02298  0.95264  0.025708  0.018988  0.000000     1.354
   2.42619  1.36736 -0.02461  0.95907  0.023866  0.018573  0.000000     1.285
   2.49501  1.43616 -0.02597  0.96519  0.022331  0.018204  0.000000     1.227
   2.57543  1.51658 -0.02696  0.97078  0.021069  0.017881  0.000000     1.178
   2.66944  1.61058 -0.02744  0.97579  0.020050  0.017607  0.000000     1.139
   2.77931  1.72045 -0.02723  0.98015  0.019237  0.017379  0.000000     1.107
   2.90773  1.84887 -0.02612  0.98385  0.018597  0.017189  0.000000     1.082
   3.05782  1.99894 -0.02388  0.98836  0.018016  0.016959  0.000000     1.062
