#    s        x        y     Ue/Vinf    Dstar     Theta      Cf       H
   0.00000  1.00000  0.00000  0.98192  0.077060  0.013201 -0.000073     5.838
   0.00668  0.99360  0.00192  0.98407  0.073627  0.012979 -0.000075     5.673
   0.01807  0.98272  0.00530  0.98850  0.070822  0.012540 -0.000079     5.648
   0.03106  0.97032  0.00914  0.99394  0.067928  0.012025 -0.000082     5.649
   0.04516  0.95680  0.01317  1.00034  0.065137  0.011448 -0.000087     5.690
   0.06006  0.94246  0.01720  1.00769  0.062541  0.010819 -0.000092     5.781
   0.07565  0.92739  0.02118  1.01605  0.060155  0.010140 -0.000098     5.932
   0.09186  0.91167  0.02516  1.02550  0.057928  0.009413 -0.000105     6.154
   0.10852  0.89549  0.02915  1.03610  0.055796  0.008643 -0.000114     6.455
   0.12544  0.87905  0.03313  1.04789  0.053747  0.007838 -0.000124     6.857
   0.14250  0.86245  0.03708  1.06099  0.051771  0.006999 -0.000138     7.397
   0.15964  0.84577  0.04099  1.07562  0.049852  0.006124 -0.000156     8.141
   0.17681  0.82904  0.04484  1.09213  0.047962  0.005206 -0.000182     9.214
   0.19398  0.81229  0.04864  1.11149  0.046050  0.004212 -0.000224    10.933
   0.21115  0.79553  0.05238  1.13503  0.044040  0.003106 -0.000283    14.179
   0.22833  0.77875  0.05606  1.16308  0.041844  0.001918 -0.000491    21.819
   0.24546  0.76200  0.05967  1.16324  0.040248  0.001914 -0.000493    21.024
   0.26249  0.74535  0.06319  1.16336  0.038469  0.001913 -0.000494    20.107
   0.27941  0.72877  0.06660  1.16344  0.036586  0.001913 -0.000495    19.122
   0.29629  0.71222  0.06990  1.16352  0.034637  0.001914 -0.000496    18.097
   0.31313  0.69568  0.07308  1.16358  0.032645  0.001915 -0.000497    17.048
   0.32994  0.67915  0.07616  1.16365  0.030633  0.001916 -0.000499    15.989
   0.34670  0.66266  0.07911  1.16374  0.028613  0.001916 -0.000501    14.931
   0.36339  0.64620  0.08193  1.16386  0.026606  0.001916 -0.000503    13.885
   0.38005  0.62976  0.08462  1.16404  0.024636  0.001915 -0.000507    12.866
   0.39672  0.61329  0.08718  1.16430  0.022704  0.001912 -0.000511    11.875
   0.41338  0.59681  0.08962  1.16465  0.020807  0.001907 -0.000517    10.909
   0.42997  0.58038  0.09191  1.16514  0.018961  0.001901 -0.000525     9.976
   0.44649  0.56400  0.09406  1.16582  0.017197  0.001891 -0.000536     9.094
   0.46301  0.54760  0.09605  1.16676  0.015525  0.001878 -0.000549     8.267
   0.47954  0.53117  0.09790  1.16803  0.013929  0.001861 -0.000568     7.483
   0.49603  0.51477  0.09961  1.16972  0.012418  0.001841 -0.000594     6.747
   0.51242  0.49845  0.10115  1.17196  0.011021  0.001815 -0.000627     6.073
   0.52875  0.48218  0.10252  1.17491  0.009760  0.001783 -0.000659     5.473
   0.54509  0.46588  0.10371  1.17874  0.008621  0.001746 -0.000654     4.938
   0.56144  0.44957  0.10475  1.18356  0.007606  0.001702 -0.000549     4.468
   0.57774  0.43329  0.10561  1.18932  0.006710  0.001654 -0.000274     4.057
   0.59394  0.41711  0.10630  1.19603  0.005934  0.001600  0.000204     3.708
   0.61007  0.40098  0.10679  1.20374  0.005306  0.001541  0.000813     3.442
   0.62617  0.38489  0.10708  1.21219  0.004779  0.001479  0.001531     3.232
   0.64227  0.36879  0.10718  1.22085  0.004351  0.001415  0.002281     3.074
   0.65836  0.35270  0.10708  1.22942  0.003985  0.001352  0.003079     2.947
   0.67432  0.33674  0.10680  1.23762  0.003662  0.001291  0.003955     2.836
   0.69010  0.32097  0.10629  1.24487  0.003387  0.001233  0.004841     2.746
   0.70583  0.30526  0.10554  1.25018  0.003193  0.001183  0.005470     2.699
   0.72167  0.28945  0.10454  1.25440  0.003033  0.001136  0.005989     2.670
   0.73747  0.27369  0.10335  1.25894  0.002839  0.001085  0.006842     2.616
   0.75302  0.25820  0.10195  1.26219  0.002657  0.001037  0.007787     2.563
   0.76841  0.24291  0.10027  1.26302  0.002517  0.000994  0.008525     2.531
   0.78386  0.22758  0.09831  1.26154  0.002418  0.000957  0.008913     2.525
   0.79934  0.21226  0.09610  1.25997  0.002304  0.000918  0.009493     2.510
   0.81467  0.19713  0.09366  1.25773  0.002180  0.000877  0.010282     2.486
   0.82983  0.18221  0.09095  1.25346  0.002073  0.000839  0.010954     2.470
   0.84493  0.16741  0.08797  1.24702  0.001996  0.000805  0.011200     2.480
   0.85995  0.15275  0.08473  1.24134  0.001886  0.000764  0.011963     2.467
   0.87475  0.13836  0.08125  1.23371  0.001792  0.000726  0.012502     2.468
   0.88915  0.12444  0.07757  1.22610  0.001659  0.000682  0.013937     2.431
   0.90314  0.11101  0.07364  1.21339  0.001572  0.000646  0.014534     2.433
   0.91683  0.09797  0.06946  1.19960  0.001486  0.000608  0.015054     2.443
   0.92993  0.08560  0.06517  1.18582  0.001383  0.000567  0.016024     2.440
   0.94206  0.07425  0.06087  1.17032  0.001247  0.000523  0.018549     2.384
   0.95332  0.06387  0.05649  1.14567  0.001169  0.000491  0.019397     2.383
   0.96371  0.05444  0.05215  1.12004  0.001107  0.000459  0.019503     2.410
   0.97301  0.04611  0.04801  1.09742  0.001018  0.000423  0.020803     2.409
   0.98119  0.03891  0.04412  1.07294  0.000922  0.000387  0.022972     2.385
   0.98837  0.03273  0.04046  1.04312  0.000842  0.000356  0.024936     2.366
   0.99470  0.02743  0.03701  1.00853  0.000773  0.000328  0.026643     2.352
   1.00030  0.02288  0.03375  0.97018  0.000715  0.000304  0.027736     2.350
   1.00527  0.01898  0.03066  0.92820  0.000650  0.000280  0.030074     2.319
   1.00973  0.01561  0.02774  0.87956  0.000609  0.000261  0.030057     2.331
   1.01375  0.01272  0.02495  0.82780  0.000551  0.000241  0.032418     2.292
   1.01739  0.01024  0.02228  0.76583  0.000518  0.000226  0.031891     2.292
   1.02073  0.00811  0.01971  0.70040  0.000482  0.000211  0.031599     2.284
   1.02380  0.00630  0.01724  0.62911  0.000449  0.000197  0.030541     2.281
   1.02664  0.00476  0.01485  0.54988  0.000414  0.000183  0.029519     2.260
   1.02926  0.00350  0.01255  0.46148  0.000389  0.000172  0.026292     2.263
   1.03171  0.00246  0.01033  0.36264  0.000366  0.000165  0.022949     2.215
   1.03400  0.00163  0.00819  0.25963  0.000380  0.000171  0.015706     2.222
   1.03618  0.00098  0.00612  0.16926  0.000360  0.000158  0.010319     2.274
   1.03826  0.00048  0.00410  0.05517  0.000280  0.000126  0.004502     2.230
   1.04024  0.00015  0.00214 -0.09750  0.000280  0.000126  0.007963     2.230
   1.04215  0.00001  0.00024 -0.22844  0.000303  0.000135  0.016959     2.246
   1.04400  0.00012 -0.00161 -0.37175  0.000272  0.000124  0.032404     2.189
   1.04587  0.00052 -0.00343 -0.53720  0.000262  0.000118  0.046761     2.231
   1.04780  0.00123 -0.00524 -0.66661  0.000301  0.000131  0.047345     2.303
   1.04986  0.00223 -0.00703 -0.78327  0.000312  0.000139  0.056599     2.244
   1.05205  0.00354 -0.00879 -0.87935  0.000356  0.000153  0.052023     2.320
   1.05438  0.00514 -0.01048 -0.94665  0.000402  0.000172  0.048611     2.339
   1.05689  0.00705 -0.01212 -0.98558  0.000480  0.000198  0.039176     2.420
   1.05960  0.00924 -0.01371 -1.01091  0.000546  0.000225  0.035007     2.428
   1.06254  0.01171 -0.01530 -1.03448  0.000600  0.000249  0.033105     2.414
   1.06576  0.01450 -0.01689 -1.05396  0.000665  0.000273  0.029940     2.430
   1.06931  0.01766 -0.01852 -1.06876  0.000736  0.000300  0.026802     2.451
   1.07328  0.02125 -0.02021 -1.08375  0.000795  0.000326  0.025509     2.439
   1.07773  0.02534 -0.02197 -1.10006  0.000849  0.000350  0.024587     2.425
   1.08275  0.03002 -0.02380 -1.11469  0.000919  0.000377  0.022752     2.436
   1.08845  0.03539 -0.02569 -1.12901  0.000987  0.000405  0.021473     2.436
   1.09493  0.04158 -0.02763 -1.14094  0.001073  0.000437  0.019585     2.454
   1.10237  0.04875 -0.02960 -1.14968  0.001176  0.000474  0.017510     2.481
   1.11095  0.05710 -0.03158 -1.15183  0.001327  0.000522  0.014531     2.544
   1.12083  0.06678 -0.03358 -1.15163  0.001472  0.000573  0.012713     2.570
   1.13204  0.07781 -0.03556 -1.15126  0.001608  0.000625  0.011592     2.573
   1.14448  0.09010 -0.03747 -1.14903  0.001771  0.000682  0.010225     2.597
   1.15809  0.10359 -0.03926 -1.14670  0.001924  0.000739  0.009330     2.603
   1.17266  0.11806 -0.04096 -1.14372  0.002087  0.000798  0.008454     2.616
   1.18781  0.13314 -0.04249 -1.14324  0.002193  0.000848  0.008326     2.586
   1.20335  0.14862 -0.04385 -1.14191  0.002335  0.000900  0.007750     2.593
   1.21923  0.16445 -0.04503 -1.14078  0.002465  0.000951  0.007327     2.593
   1.23540  0.18059 -0.04604 -1.13854  0.002621  0.001003  0.006727     2.613
   1.25175  0.19691 -0.04691 -1.13771  0.002725  0.001048  0.006568     2.599
   1.26813  0.21328 -0.04763 -1.13710  0.002830  0.001092  0.006374     2.592
   1.28457  0.22971 -0.04819 -1.13563  0.002964  0.001138  0.005993     2.604
   1.30115  0.24629 -0.04860 -1.13436  0.003082  0.001182  0.005734     2.608
   1.31783  0.26296 -0.04890 -1.13258  0.003214  0.001227  0.005407     2.621
   1.33448  0.27961 -0.04908 -1.13138  0.003318  0.001267  0.005248     2.618
   1.35110  0.29624 -0.04912 -1.13016  0.003423  0.001307  0.005078     2.619
   1.36778  0.31291 -0.04903 -1.12802  0.003565  0.001351  0.004754     2.639
   1.38450  0.32963 -0.04882 -1.12610  0.003688  0.001393  0.004538     2.648
   1.40120  0.34633 -0.04849 -1.12368  0.003829  0.001436  0.004264     2.667
   1.41786  0.36298 -0.04803 -1.12095  0.003978  0.001480  0.003987     2.689
   1.43449  0.37961 -0.04745 -1.11783  0.004142  0.001525  0.003692     2.716
   1.45114  0.39623 -0.04673 -1.11403  0.004338  0.001573  0.003333     2.758
   1.46777  0.41285 -0.04588 -1.10947  0.004578  0.001626  0.002911     2.816
   1.48439  0.42943 -0.04489 -1.10467  0.004831  0.001679  0.002522     2.878
   1.50097  0.44597 -0.04378 -1.09915  0.005157  0.001736  0.002053     2.970
   1.51751  0.46247 -0.04253 -1.09325  0.005548  0.001797  0.001563     3.088
   1.53401  0.47892 -0.04112 -1.08717  0.006031  0.001858  0.001057     3.246
   1.55050  0.49532 -0.03957 -1.08123  0.006640  0.001919  0.000552     3.460
   1.56702  0.51176 -0.03785 -1.07588  0.007379  0.001975  0.000113     3.735
   1.58368  0.52831 -0.03597 -1.07129  0.008274  0.002026 -0.000222     4.085
   1.60055  0.54506 -0.03395 -1.06730  0.009284  0.002071 -0.000412     4.483
   1.61761  0.56199 -0.03181 -1.06390  0.010381  0.002112 -0.000486     4.915
   1.63483  0.57906 -0.02959 -1.06110  0.011550  0.002149 -0.000494     5.376
   1.65218  0.59626 -0.02732 -1.05881  0.012761  0.002181 -0.000479     5.852
   1.66962  0.61355 -0.02500 -1.05690  0.013993  0.002209 -0.000457     6.334
   1.68712  0.63090 -0.02268 -1.05530  0.015214  0.002234 -0.000440     6.809
   1.70462  0.64824 -0.02037 -1.05392  0.016413  0.002258 -0.000426     7.270
   1.72205  0.66552 -0.01809 -1.05271  0.017566  0.002279 -0.000415     7.708
   1.73939  0.68272 -0.01585 -1.05164  0.018675  0.002299 -0.000406     8.124
   1.75663  0.69982 -0.01367 -1.05065  0.019705  0.002318 -0.000399     8.500
   1.77378  0.71684 -0.01156 -1.04972  0.020652  0.002337 -0.000392     8.837
   1.79085  0.73379 -0.00953 -1.04883  0.021499  0.002356 -0.000387     9.126
   1.80784  0.75067 -0.00760 -1.04796  0.022246  0.002375 -0.000382     9.367
   1.82474  0.76746 -0.00576 -1.04709  0.022874  0.002395 -0.000377     9.552
   1.84154  0.78418 -0.00404 -1.04621  0.023375  0.002415 -0.000373     9.678
   1.85823  0.80079 -0.00245 -1.04532  0.023737  0.002437 -0.000369     9.741
   1.87481  0.81731 -0.00100 -1.04438  0.023949  0.002460 -0.000365     9.737
   1.89126  0.83371  0.00030 -1.04340  0.023992  0.002484 -0.000362     9.658
   1.90759  0.85000  0.00143 -1.04236  0.023858  0.002510 -0.000358     9.504
   1.92381  0.86619  0.00238 -1.04124  0.023533  0.002538 -0.000355     9.271
   1.93987  0.88223  0.00314 -1.04004  0.023017  0.002569 -0.000353     8.961
   1.95573  0.89808  0.00370 -1.03873  0.022295  0.002601 -0.000351     8.572
   1.97131  0.91366  0.00404 -1.03731  0.021361  0.002636 -0.000350     8.105
   1.98653  0.92887  0.00415 -1.03576  0.020200  0.002672 -0.000350     7.560
   2.00124  0.94358  0.00401 -1.03409  0.018820  0.002710 -0.000353     6.945
   2.01526  0.95760  0.00361 -1.03230  0.017233  0.002748 -0.000360     6.271
   2.02837  0.97069  0.00296 -1.02290  0.015541  0.002949 -0.000210     5.270
   2.04040  0.98268  0.00205 -1.00468  0.013835  0.003326 -0.000094     4.160
   2.05125  0.99348  0.00090 -0.99120  0.012190  0.003596  0.000338     3.390
   2.05783  1.00000  0.00000 -0.98192  0.012838  0.003784  0.000316     3.393
   2.05783  1.00010 -0.00002  0.98192  0.089897  0.016985  0.000000     5.293
   2.06446  1.00660 -0.00133  0.97663  0.083504  0.017640  0.000000     4.734
   2.07221  1.01424 -0.00264  0.97062  0.080230  0.018368  0.000000     4.368
   2.08127  1.02319 -0.00401  0.96311  0.076965  0.019271  0.000000     3.994
   2.09186  1.03367 -0.00549  0.95351  0.073587  0.020423  0.000000     3.603
   2.10423  1.04594 -0.00708  0.94271  0.069901  0.021721  0.000000     3.218
   2.11869  1.06030 -0.00879  0.93345  0.065721  0.022831  0.000000     2.879
   2.13560  1.07711 -0.01064  0.92536  0.061108  0.023789  0.000000     2.569
   2.15535  1.09676 -0.01264  0.91920  0.056128  0.024503  0.000000     2.291
   2.17845  1.11975 -0.01480  0.91572  0.050917  0.024894  0.000000     2.045
   2.20544  1.14664 -0.01711  0.91552  0.045689  0.024915  0.000000     1.834
   2.23698  1.17809 -0.01958  0.91883  0.040699  0.024581  0.000000     1.656
   2.27386  1.21487 -0.02222  0.92526  0.036189  0.023975  0.000000     1.509
   2.31695  1.25788 -0.02501  0.93384  0.032327  0.023223  0.000000     1.392
   2.36732  1.30816 -0.02794  0.94335  0.029164  0.022449  0.000000     1.299
   2.42619  1.36695 -0.03100  0.95272  0.026657  0.021737  0.000000     1.226
   2.49501  1.43569 -0.03417  0.96125  0.024709  0.021126  0.000000     1.170
   2.57543  1.51605 -0.03742  0.96868  0.023216  0.020621  0.000000     1.126
   2.66944  1.61000 -0.04070  0.97496  0.022082  0.020211  0.000000     1.093
   2.77931  1.71982 -0.04396  0.98017  0.021229  0.019882  0.000000     1.068
   2.90773  1.84820 -0.04714  0.98440  0.020592  0.019621  0.000000     1.049
   3.05782  1.99827 -0.05017  0.98902  0.020043  0.019344  0.000000     1.036
