#    s        x        y     Ue/Vinf    Dstar     Theta      Cf       H
   0.00000  1.00000  0.00000  1.00731  0.052594  0.015828  0.001786     3.323
   0.00668  0.99360  0.00192  0.97675  0.048567  0.016528  0.001970     2.938
   0.01807  0.98272  0.00530  0.97591  0.045971  0.016079  0.002092     2.859
   0.03106  0.97032  0.00914  0.97983  0.043670  0.015469  0.002105     2.823
   0.04516  0.95680  0.01317  0.98985  0.041889  0.014722  0.002008     2.845
   0.06006  0.94246  0.01720  1.00483  0.040659  0.013892  0.001823     2.927
   0.07565  0.92739  0.02118  1.02294  0.039887  0.013010  0.001609     3.066
   0.09186  0.91167  0.02516  1.04127  0.039340  0.012118  0.001594     3.246
   0.10852  0.89549  0.02915  1.04634  0.038296  0.011486  0.000090     3.334
   0.12544  0.87905  0.03313  1.14036  0.045697  0.008207  0.000063     5.568
   0.14250  0.86245  0.03708  1.15217  0.044350  0.007534  0.000017     5.887
   0.15964  0.84577  0.04099  1.16948  0.042615  0.006659 -0.000053     6.400
   0.17681  0.82904  0.04484  1.18217  0.040780  0.005981 -0.000136     6.818
   0.19398  0.81229  0.04864  1.18925  0.038761  0.005489 -0.000230     7.061
   0.21115  0.79553  0.05238  1.19309  0.036838  0.005061 -0.000301     7.279
   0.22833  0.77875  0.05606  1.19576  0.035636  0.004616 -0.000360     7.720
   0.24546  0.76200  0.05967  1.20051  0.036686  0.004107 -0.000386     8.932
   0.26249  0.74535  0.06319  1.19712  0.035203  0.003783 -0.000548     9.305
   0.27941  0.72877  0.06660  1.27901  0.032749  0.001915 -0.000553    17.098
   0.29629  0.71222  0.06990  1.27935  0.031990  0.001905 -0.000559    16.796
   0.31313  0.69568  0.07308  1.27960  0.030954  0.001897 -0.000564    16.318
   0.32994  0.67915  0.07616  1.27979  0.029746  0.001891 -0.000570    15.730
   0.34670  0.66266  0.07911  1.27995  0.028413  0.001886 -0.000576    15.063
   0.36339  0.64620  0.08193  1.28010  0.026994  0.001882 -0.000583    14.342
   0.38005  0.62976  0.08462  1.28026  0.025526  0.001878 -0.000591    13.590
   0.39672  0.61329  0.08718  1.28044  0.024021  0.001874 -0.000600    12.818
   0.41338  0.59681  0.08962  1.28066  0.022481  0.001869 -0.000611    12.026
   0.42997  0.58038  0.09191  1.28093  0.020926  0.001864 -0.000624    11.226
   0.44649  0.56400  0.09406  1.28129  0.019387  0.001857 -0.000640    10.438
   0.46301  0.54760  0.09605  1.28178  0.017879  0.001849 -0.000660     9.671
   0.47954  0.53117  0.09790  1.28243  0.016390  0.001838 -0.000685     8.916
   0.49603  0.51477  0.09961  1.28330  0.014928  0.001825 -0.000716     8.178
   0.51242  0.49845  0.10115  1.28445  0.013526  0.001810 -0.000749     7.474
   0.52875  0.48218  0.10252  1.28602  0.012212  0.001790 -0.000766     6.822
   0.54509  0.46588  0.10371  1.28812  0.010970  0.001767 -0.000747     6.210
   0.56144  0.44957  0.10475  1.29093  0.009808  0.001738 -0.000648     5.642
   0.57774  0.43329  0.10561  1.29463  0.008739  0.001705 -0.000420     5.126
   0.59394  0.41711  0.10630  1.29950  0.007761  0.001665 -0.000065     4.662
   0.61007  0.40098  0.10679  1.30508  0.006913  0.001622  0.000421     4.261
   0.62617  0.38489  0.10708  1.31164  0.006166  0.001575  0.000995     3.914
   0.64227  0.36879  0.10718  1.31937  0.005532  0.001523  0.001650     3.633
   0.65836  0.35270  0.10708  1.32811  0.004986  0.001466  0.002434     3.402
   0.67432  0.33674  0.10680  1.33755  0.004504  0.001406  0.003272     3.204
   0.69010  0.32097  0.10629  1.34713  0.004098  0.001345  0.003939     3.046
   0.70583  0.30526  0.10554  1.35589  0.003799  0.001289  0.004502     2.946
   0.72167  0.28945  0.10454  1.36391  0.003559  0.001236  0.005392     2.879
   0.73747  0.27369  0.10335  1.37231  0.003294  0.001181  0.006307     2.790
   0.75302  0.25820  0.10195  1.37965  0.003063  0.001129  0.007068     2.714
   0.76841  0.24291  0.10027  1.38521  0.002881  0.001081  0.007406     2.664
   0.78386  0.22758  0.09831  1.38860  0.002760  0.001040  0.008046     2.653
   0.79934  0.21226  0.09610  1.39245  0.002615  0.000996  0.008812     2.625
   0.81467  0.19713  0.09366  1.39573  0.002469  0.000952  0.009304     2.592
   0.82983  0.18221  0.09095  1.39719  0.002354  0.000912  0.009776     2.581
   0.84493  0.16741  0.08797  1.39806  0.002246  0.000872  0.010260     2.576
   0.85995  0.15275  0.08473  1.39867  0.002138  0.000831  0.011062     2.573
   0.87475  0.13836  0.08125  1.39949  0.002014  0.000787  0.012186     2.558
   0.88915  0.12444  0.07757  1.39980  0.001879  0.000743  0.013044     2.530
   0.90314  0.11101  0.07364  1.39759  0.001768  0.000701  0.013172     2.521
   0.91683  0.09797  0.06946  1.39367  0.001688  0.000663  0.014749     2.548
   0.92993  0.08560  0.06517  1.39281  0.001554  0.000616  0.017516     2.523
   0.94206  0.07425  0.06087  1.39013  0.001399  0.000569  0.017582     2.458
   0.95332  0.06387  0.05649  1.37900  0.001332  0.000536  0.018067     2.487
   0.96371  0.05444  0.05215  1.37092  0.001253  0.000499  0.020104     2.513
   0.97301  0.04611  0.04801  1.36570  0.001145  0.000458  0.022662     2.500
   0.98119  0.03891  0.04412  1.35862  0.001042  0.000420  0.025540     2.479
   0.98837  0.03273  0.04046  1.34840  0.000950  0.000386  0.028728     2.460
   0.99470  0.02743  0.03701  1.33495  0.000864  0.000355  0.032119     2.436
   1.00030  0.02288  0.03375  1.31710  0.000790  0.000327  0.034623     2.415
   1.00527  0.01898  0.03066  1.29511  0.000731  0.000303  0.039606     2.414
   1.00973  0.01561  0.02774  1.27080  0.000661  0.000278  0.042139     2.372
   1.01375  0.01272  0.02495  1.23794  0.000616  0.000259  0.046895     2.375
   1.01739  0.01024  0.02228  1.20243  0.000562  0.000240  0.049734     2.343
   1.02073  0.00811  0.01971  1.15812  0.000523  0.000224  0.053201     2.334
   1.02380  0.00630  0.01724  1.10825  0.000485  0.000209  0.056479     2.317
   1.02664  0.00476  0.01485  1.05007  0.000449  0.000196  0.056259     2.289
   1.02926  0.00350  0.01255  0.98486  0.000431  0.000186  0.062307     2.313
   1.03171  0.00246  0.01033  0.91451  0.000390  0.000174  0.056141     2.233
   1.03400  0.00163  0.00819  0.82781  0.000390  0.000172  0.053960     2.268
   1.03618  0.00098  0.00612  0.75057  0.000373  0.000164  0.054694     2.282
   1.03826  0.00048  0.00410  0.66721  0.000345  0.000153  0.052038     2.251
   1.04024  0.00015  0.00214  0.57329  0.000328  0.000144  0.053410     2.284
   1.04215  0.00001  0.00024  0.46878  0.000292  0.000130  0.050282     2.249
   1.04400  0.00012 -0.00161  0.33821  0.000271  0.000120  0.039764     2.264
   1.04587  0.00052 -0.00343  0.17924  0.000263  0.000121  0.022048     2.182
   1.04780  0.00123 -0.00524  0.02962  0.000307  0.000135  0.011190     2.274
   1.04986  0.00223 -0.00703 -0.11562  0.000349  0.000157  0.000271     2.230
   1.05205  0.00354 -0.00879 -0.24691  0.000349  0.000157  0.012929     2.230
   1.05438  0.00514 -0.01048 -0.35626  0.000271  0.000135  0.010435     2.008
   1.05689  0.00705 -0.01212 -0.46131  0.000423  0.000150  0.022339     2.818
   1.05960  0.00924 -0.01371 -0.51884  0.000428  0.000203  0.014336     2.111
   1.06254  0.01171 -0.01530 -0.58236  0.000523  0.000220  0.022222     2.377
   1.06576  0.01450 -0.01689 -0.63108  0.000554  0.000244  0.018121     2.273
   1.06931  0.01766 -0.01852 -0.67647  0.000615  0.000265  0.020149     2.319
   1.07328  0.02125 -0.02021 -0.71761  0.000668  0.000287  0.019424     2.326
   1.07773  0.02534 -0.02197 -0.75714  0.000715  0.000309  0.019377     2.316
   1.08275  0.03002 -0.02380 -0.79479  0.000774  0.000332  0.018897     2.331
   1.08845  0.03539 -0.02569 -0.83003  0.000834  0.000357  0.017488     2.335
   1.09493  0.04158 -0.02763 -0.86029  0.000918  0.000388  0.017100     2.364
   1.10237  0.04875 -0.02960 -0.88857  0.000994  0.000420  0.014775     2.365
   1.11095  0.05710 -0.03158 -0.90874  0.001124  0.000464  0.013804     2.419
   1.12083  0.06678 -0.03358 -0.92582  0.001238  0.000510  0.012868     2.425
   1.13204  0.07781 -0.03556 -0.94152  0.001354  0.000558  0.011794     2.428
   1.14448  0.09010 -0.03747 -0.95453  0.001486  0.000608  0.010806     2.442
   1.15809  0.10359 -0.03926 -0.96498  0.001625  0.000662  0.010157     2.456
   1.17266  0.11806 -0.04096 -0.97440  0.001751  0.000713  0.009728     2.456
   1.18781  0.13314 -0.04249 -0.98380  0.001860  0.000760  0.009194     2.447
   1.20335  0.14862 -0.04385 -0.99196  0.001978  0.000807  0.008587     2.452
   1.21923  0.16445 -0.04503 -0.99841  0.002105  0.000854  0.008082     2.464
   1.23540  0.18059 -0.04604 -1.00362  0.002229  0.000901  0.007747     2.474
   1.25175  0.19691 -0.04691 -1.00867  0.002335  0.000944  0.007538     2.473
   1.26813  0.21328 -0.04763 -1.01368  0.002428  0.000984  0.007109     2.467
   1.28457  0.22971 -0.04819 -1.01739  0.002544  0.001026  0.006821     2.478
   1.30115  0.24629 -0.04860 -1.02075  0.002650  0.001067  0.006428     2.484
   1.31783  0.26296 -0.04890 -1.02308  0.002766  0.001109  0.006339     2.494
   1.33448  0.27961 -0.04908 -1.02632  0.002843  0.001144  0.006032     2.484
   1.35110  0.29624 -0.04912 -1.02841  0.002952  0.001183  0.005737     2.495
   1.36778  0.31291 -0.04903 -1.03005  0.003063  0.001221  0.005509     2.508
   1.38450  0.32963 -0.04882 -1.03147  0.003165  0.001259  0.005274     2.514
   1.40120  0.34633 -0.04849 -1.03258  0.003268  0.001296  0.004983     2.522
   1.41786  0.36298 -0.04803 -1.03294  0.003385  0.001335  0.004711     2.536
   1.43449  0.37961 -0.04745 -1.03294  0.003503  0.001374  0.004390     2.550
   1.45114  0.39623 -0.04673 -1.03214  0.003637  0.001416  0.003995     2.569
   1.46777  0.41285 -0.04588 -1.03056  0.003799  0.001460  0.003644     2.601
   1.48439  0.42943 -0.04489 -1.02855  0.003960  0.001506  0.003222     2.630
   1.50097  0.44597 -0.04378 -1.02574  0.004155  0.001554  0.002745     2.674
   1.51751  0.46247 -0.04253 -1.02172  0.004387  0.001609  0.002219     2.726
   1.53401  0.47892 -0.04112 -1.01707  0.004675  0.001667  0.001667     2.803
   1.55050  0.49532 -0.03957 -1.01157  0.005024  0.001730  0.001088     2.904
   1.56702  0.51176 -0.03785 -1.00533  0.005473  0.001799  0.000550     3.042
   1.58368  0.52831 -0.03597 -0.99895  0.006028  0.001869  0.000112     3.225
   1.60055  0.54506 -0.03395 -0.99286  0.006683  0.001938 -0.000191     3.448
   1.61761  0.56199 -0.03181 -0.98762  0.007429  0.001998 -0.000358     3.718
   1.63483  0.57906 -0.02959 -0.98314  0.008254  0.002052 -0.000420     4.023
   1.65218  0.59626 -0.02732 -0.97892  0.009131  0.002105 -0.000426     4.337
   1.66962  0.61355 -0.02500 -0.97536  0.010049  0.002153 -0.000413     4.667
   1.68712  0.63090 -0.02268 -0.97230  0.010995  0.002197 -0.000394     5.005
   1.70462  0.64824 -0.02037 -0.96976  0.011943  0.002236 -0.000378     5.340
   1.72205  0.66552 -0.01809 -0.96753  0.012890  0.002273 -0.000365     5.672
   1.73939  0.68272 -0.01585 -0.96563  0.013823  0.002306 -0.000355     5.994
   1.75663  0.69982 -0.01367 -0.96390  0.014716  0.002338 -0.000347     6.295
   1.77378  0.71684 -0.01156 -0.96239  0.015563  0.002367 -0.000340     6.574
   1.79085  0.73379 -0.00953 -0.96098  0.016346  0.002396 -0.000334     6.822
   1.80784  0.75067 -0.00760 -0.95972  0.017065  0.002423 -0.000329     7.043
   1.82474  0.76746 -0.00576 -0.95851  0.017704  0.002450 -0.000324     7.225
   1.84154  0.78418 -0.00404 -0.95738  0.018254  0.002477 -0.000320     7.370
   1.85823  0.80079 -0.00245 -0.95626  0.018702  0.002503 -0.000317     7.471
   1.87481  0.81731 -0.00100 -0.95517  0.019036  0.002530 -0.000313     7.523
   1.89126  0.83371  0.00030 -0.95404  0.019241  0.002559 -0.000310     7.519
   1.90759  0.85000  0.00143 -0.95291  0.019308  0.002588 -0.000307     7.461
   1.92381  0.86619  0.00238 -0.95178  0.019225  0.002617 -0.000304     7.345
   1.93987  0.88223  0.00314 -0.95057  0.018992  0.002650 -0.000301     7.167
   1.95573  0.89808  0.00370 -0.94935  0.018596  0.002682 -0.000298     6.933
   1.97131  0.91366  0.00404 -0.94805  0.018035  0.002716 -0.000295     6.640
   1.98653  0.92887  0.00415 -0.94669  0.017294  0.002752 -0.000293     6.284
   2.00124  0.94358  0.00401 -0.94527  0.016383  0.002789 -0.000291     5.874
   2.01526  0.95760  0.00361 -0.94377  0.015320  0.002827 -0.000289     5.419
   2.02837  0.97069  0.00296 -0.94225  0.014131  0.002864 -0.000288     4.934
   2.04040  0.98268  0.00205 -0.94072  0.012876  0.002900 -0.000287     4.440
   2.05125  0.99348  0.00090 -0.93925  0.011651  0.002934 -0.000180     3.972
   2.05783  1.00000  0.00000 -0.94097  0.016415  0.002905  0.000000     5.652
   2.05783  1.00010 -0.00002  0.95390  0.069151  0.018894  0.000000     3.660
   2.06446  1.00660 -0.00133  0.94728  0.062722  0.019628  0.000000     3.196
   2.07221  1.01424 -0.00261  0.94232  0.060737  0.020167  0.000000     3.012
   2.08127  1.02320 -0.00395  0.93750  0.057146  0.020651  0.000000     2.767
   2.09186  1.03369 -0.00537  0.93288  0.052489  0.021003  0.000000     2.499
   2.10423  1.04597 -0.00688  0.92834  0.048473  0.021282  0.000000     2.278
   2.11869  1.06034 -0.00850  0.92430  0.044894  0.021486  0.000000     2.089
   2.13560  1.07716 -0.01022  0.92109  0.043461  0.021941  0.000000     1.981
   2.15535  1.09683 -0.01204  0.91855  0.041184  0.022224  0.000000     1.853
   2.17845  1.11984 -0.01396  0.91868  0.037978  0.022153  0.000000     1.714
   2.20544  1.14676 -0.01597  0.92227  0.034280  0.021711  0.000000     1.579
   2.23698  1.17824 -0.01806  0.92815  0.031048  0.021164  0.000000     1.467
   2.27386  1.21505 -0.02020  0.93548  0.028290  0.020582  0.000000     1.375
   2.31695  1.25809 -0.02237  0.94336  0.025948  0.020010  0.000000     1.297
   2.36732  1.30841 -0.02451  0.95117  0.023994  0.019485  0.000000     1.231
   2.42619  1.36725 -0.02658  0.95860  0.022402  0.019016  0.000000     1.178
   2.49501  1.43603 -0.02850  0.96537  0.021130  0.018614  0.000000     1.135
   2.57543  1.51644 -0.03018  0.97147  0.020140  0.018278  0.000000     1.102
   2.66944  1.61044 -0.03152  0.97671  0.019373  0.018000  0.000000     1.076
   2.77931  1.72030 -0.03237  0.98117  0.018787  0.017781  0.000000     1.057
   2.90773  1.84872 -0.03258  0.98489  0.018345  0.017604  0.000000     1.042
   3.05782  1.99882 -0.03196  0.98874  0.017974  0.017421  0.000000     1.032
