BlendedAirfoil                                  
 Alfa =   1.95000 Re =    30000.000 Xflap,Yflap =     0.000000    0.000000
#    x        y        Cp  
   1.00000  0.00000 -0.18279
   0.99360  0.00192 -0.18240
   0.98272  0.00530 -0.18226
   0.97032  0.00914 -0.18212
   0.95680  0.01317 -0.18200
   0.94246  0.01720 -0.18191
   0.92739  0.02118 -0.18186
   0.91167  0.02516 -0.18183
   0.89549  0.02915 -0.18181
   0.87905  0.03313 -0.18178
   0.86245  0.03708 -0.18174
   0.84577  0.04099 -0.18169
   0.82904  0.04484 -0.18163
   0.81229  0.04864 -0.18155
   0.79553  0.05238 -0.18147
   0.77875  0.05606 -0.18138
   0.76200  0.05967 -0.18128
   0.74535  0.06319 -0.18117
   0.72877  0.06660 -0.18107
   0.71222  0.06990 -0.18099
   0.69568  0.07308 -0.18093
   0.67915  0.07616 -0.18092
   0.66266  0.07911 -0.18096
   0.64620  0.08193 -0.18107
   0.62976  0.08462 -0.18129
   0.61329  0.08718 -0.18165
   0.59681  0.08962 -0.18219
   0.58038  0.09191 -0.18294
   0.56400  0.09406 -0.18399
   0.54760  0.09605 -0.18544
   0.53117  0.09790 -0.18737
   0.51477  0.09961 -0.18993
   0.49845  0.10115 -0.19327
   0.48218  0.10252 -0.19763
   0.46588  0.10371 -0.20329
   0.44957  0.10475 -0.21057
   0.43329  0.10561 -0.21978
   0.41711  0.10630 -0.23113
   0.40098  0.10679 -0.24448
   0.38489  0.10708 -0.26007
   0.36879  0.10718 -0.27802
   0.35270  0.10708 -0.29777
   0.33674  0.10680 -0.31854
   0.32097  0.10629 -0.33841
   0.30526  0.10554 -0.35651
   0.28945  0.10454 -0.37182
   0.27369  0.10335 -0.38589
   0.25820  0.10195 -0.39714
   0.24291  0.10027 -0.40334
   0.22758  0.09831 -0.40419
   0.21226  0.09610 -0.40332
   0.19713  0.09366 -0.39922
   0.18221  0.09095 -0.39055
   0.16741  0.08797 -0.37803
   0.15275  0.08473 -0.36351
   0.13836  0.08125 -0.34541
   0.12444  0.07757 -0.32492
   0.11101  0.07364 -0.29522
   0.09797  0.06946 -0.25877
   0.08560  0.06517 -0.22581
   0.07425  0.06087 -0.18332
   0.06387  0.05649 -0.12354
   0.05444  0.05215 -0.06618
   0.04611  0.04801 -0.01079
   0.03891  0.04412  0.04965
   0.03273  0.04046  0.11479
   0.02743  0.03701  0.18573
   0.02288  0.03375  0.26429
   0.01898  0.03066  0.34560
   0.01561  0.02774  0.42856
   0.01272  0.02495  0.51542
   0.01024  0.02228  0.60339
   0.00811  0.01971  0.68492
   0.00630  0.01724  0.77253
   0.00476  0.01485  0.84610
   0.00350  0.01255  0.91008
   0.00246  0.01033  0.95841
   0.00163  0.00819  0.99203
   0.00098  0.00612  1.00008
   0.00048  0.00410  0.98432
   0.00015  0.00214  0.92304
   0.00001  0.00024  0.81661
   0.00012 -0.00161  0.65923
   0.00052 -0.00343  0.45759
   0.00123 -0.00524  0.25160
   0.00223 -0.00703  0.05432
   0.00354 -0.00879 -0.10761
   0.00514 -0.01048 -0.22632
   0.00705 -0.01212 -0.29790
   0.00924 -0.01371 -0.34169
   0.01171 -0.01530 -0.36773
   0.01450 -0.01689 -0.38930
   0.01766 -0.01852 -0.41264
   0.02125 -0.02021 -0.42807
   0.02534 -0.02197 -0.44840
   0.03002 -0.02380 -0.46955
   0.03539 -0.02569 -0.48884
   0.04158 -0.02763 -0.50455
   0.04875 -0.02960 -0.51335
   0.05710 -0.03158 -0.51290
   0.06678 -0.03358 -0.50227
   0.07781 -0.03556 -0.49319
   0.09010 -0.03747 -0.48000
   0.10359 -0.03926 -0.46663
   0.11806 -0.04096 -0.45398
   0.13314 -0.04249 -0.44684
   0.14862 -0.04385 -0.43880
   0.16445 -0.04503 -0.43226
   0.18059 -0.04604 -0.42551
   0.19691 -0.04691 -0.42029
   0.21328 -0.04763 -0.41608
   0.22971 -0.04819 -0.41157
   0.24629 -0.04860 -0.40719
   0.26296 -0.04890 -0.40281
   0.27961 -0.04908 -0.39975
   0.29624 -0.04912 -0.39615
   0.31291 -0.04903 -0.39180
   0.32963 -0.04882 -0.38787
   0.34633 -0.04849 -0.38340
   0.36298 -0.04803 -0.37850
   0.37961 -0.04745 -0.37259
   0.39623 -0.04673 -0.36612
   0.41285 -0.04588 -0.35840
   0.42943 -0.04489 -0.35019
   0.44597 -0.04378 -0.34068
   0.46247 -0.04253 -0.33043
   0.47892 -0.04112 -0.31900
   0.49532 -0.03957 -0.30686
   0.51176 -0.03785 -0.29426
   0.52831 -0.03597 -0.28167
   0.54506 -0.03395 -0.26975
   0.56199 -0.03181 -0.25875
   0.57906 -0.02959 -0.24875
   0.59626 -0.02732 -0.23964
   0.61355 -0.02500 -0.23126
   0.63090 -0.02268 -0.22346
   0.64824 -0.02037 -0.21626
   0.66552 -0.01809 -0.20963
   0.68272 -0.01585 -0.20349
   0.69982 -0.01367 -0.19778
   0.71684 -0.01156 -0.19240
   0.73379 -0.00953 -0.18729
   0.75067 -0.00760 -0.18238
   0.76746 -0.00576 -0.17764
   0.78418 -0.00404 -0.17301
   0.80079 -0.00245 -0.16846
   0.81731 -0.00100 -0.16395
   0.83371  0.00030 -0.15947
   0.85000  0.00143 -0.15498
   0.86619  0.00238 -0.15049
   0.88223  0.00314 -0.14604
   0.89808  0.00370 -0.14165
   0.91366  0.00404 -0.13746
   0.92887  0.00415 -0.13419
   0.94358  0.00401 -0.13316
   0.95760  0.00361 -0.13630
   0.97069  0.00296 -0.14600
   0.98268  0.00205 -0.16478
   0.99348  0.00090 -0.19489
   1.00000  0.00000 -0.18279
