BlendedAirfoil                                  
 Alfa =   4.35000 Re =    30000.000 Xflap,Yflap =     0.000000    0.000000
#    x        y        Cp  
   1.00000  0.00000 -0.25778
   0.99360  0.00192 -0.25749
   0.98272  0.00530 -0.25742
   0.97032  0.00914 -0.25735
   0.95680  0.01317 -0.25730
   0.94246  0.01720 -0.25727
   0.92739  0.02118 -0.25726
   0.91167  0.02516 -0.25728
   0.89549  0.02915 -0.25729
   0.87905  0.03313 -0.25729
   0.86245  0.03708 -0.25728
   0.84577  0.04099 -0.25726
   0.82904  0.04484 -0.25721
   0.81229  0.04864 -0.25715
   0.79553  0.05238 -0.25706
   0.77875  0.05606 -0.25696
   0.76200  0.05967 -0.25683
   0.74535  0.06319 -0.25667
   0.72877  0.06660 -0.25651
   0.71222  0.06990 -0.25633
   0.69568  0.07308 -0.25615
   0.67915  0.07616 -0.25596
   0.66266  0.07911 -0.25577
   0.64620  0.08193 -0.25559
   0.62976  0.08462 -0.25542
   0.61329  0.08718 -0.25529
   0.59681  0.08962 -0.25519
   0.58038  0.09191 -0.25514
   0.56400  0.09406 -0.25517
   0.54760  0.09605 -0.25531
   0.53117  0.09790 -0.25560
   0.51477  0.09961 -0.25606
   0.49845  0.10115 -0.25678
   0.48218  0.10252 -0.25784
   0.46588  0.10371 -0.25938
   0.44957  0.10475 -0.26149
   0.43329  0.10561 -0.26437
   0.41711  0.10630 -0.26825
   0.40098  0.10679 -0.27347
   0.38489  0.10708 -0.28036
   0.36879  0.10718 -0.28948
   0.35270  0.10708 -0.30123
   0.33674  0.10680 -0.31574
   0.32097  0.10629 -0.33284
   0.30526  0.10554 -0.35296
   0.28945  0.10454 -0.37565
   0.27369  0.10335 -0.40007
   0.25820  0.10195 -0.42414
   0.24291  0.10027 -0.44498
   0.22758  0.09831 -0.46248
   0.21226  0.09610 -0.47741
   0.19713  0.09366 -0.48917
   0.18221  0.09095 -0.49650
   0.16741  0.08797 -0.49947
   0.15275  0.08473 -0.50062
   0.13836  0.08125 -0.49831
   0.12444  0.07757 -0.49316
   0.11101  0.07364 -0.47983
   0.09797  0.06946 -0.46208
   0.08560  0.06517 -0.44572
   0.07425  0.06087 -0.42114
   0.06387  0.05649 -0.37933
   0.05444  0.05215 -0.34039
   0.04611  0.04801 -0.30330
   0.03891  0.04412 -0.26194
   0.03273  0.04046 -0.21052
   0.02743  0.03701 -0.15444
   0.02288  0.03375 -0.08709
   0.01898  0.03066 -0.01322
   0.01561  0.02774  0.06499
   0.01272  0.02495  0.15105
   0.01024  0.02228  0.24260
   0.00811  0.01971  0.34621
   0.00630  0.01724  0.44409
   0.00476  0.01485  0.54346
   0.00350  0.01255  0.65315
   0.00246  0.01033  0.74637
   0.00163  0.00819  0.82917
   0.00098  0.00612  0.90077
   0.00048  0.00410  0.95475
   0.00015  0.00214  0.99108
   0.00001  0.00024  0.99912
   0.00012 -0.00161  0.96475
   0.00052 -0.00343  0.88864
   0.00123 -0.00524  0.77912
   0.00223 -0.00703  0.63866
   0.00354 -0.00879  0.50902
   0.00514 -0.01048  0.39234
   0.00705 -0.01212  0.30154
   0.00924 -0.01371  0.23415
   0.01171 -0.01530  0.17790
   0.01450 -0.01689  0.12087
   0.01766 -0.01852  0.07726
   0.02125 -0.02021  0.03080
   0.02534 -0.02197 -0.01329
   0.03002 -0.02380 -0.05921
   0.03539 -0.02569 -0.10102
   0.04158 -0.02763 -0.14011
   0.04875 -0.02960 -0.17204
   0.05710 -0.03158 -0.19297
   0.06678 -0.03358 -0.20676
   0.07781 -0.03556 -0.21812
   0.09010 -0.03747 -0.22711
   0.10359 -0.03926 -0.23251
   0.11806 -0.04096 -0.23791
   0.13314 -0.04249 -0.24548
   0.14862 -0.04385 -0.25163
   0.16445 -0.04503 -0.25769
   0.18059 -0.04604 -0.26117
   0.19691 -0.04691 -0.26660
   0.21328 -0.04763 -0.27135
   0.22971 -0.04819 -0.27567
   0.24629 -0.04860 -0.27868
   0.26296 -0.04890 -0.28187
   0.27961 -0.04908 -0.28586
   0.29624 -0.04912 -0.28839
   0.31291 -0.04903 -0.29106
   0.32963 -0.04882 -0.29296
   0.34633 -0.04849 -0.29439
   0.36298 -0.04803 -0.29540
   0.37961 -0.04745 -0.29547
   0.39623 -0.04673 -0.29451
   0.41285 -0.04588 -0.29239
   0.42943 -0.04489 -0.28938
   0.44597 -0.04378 -0.28515
   0.46247 -0.04253 -0.27937
   0.47892 -0.04112 -0.27211
   0.49532 -0.03957 -0.26338
   0.51176 -0.03785 -0.25292
   0.52831 -0.03597 -0.24124
   0.54506 -0.03395 -0.22910
   0.56199 -0.03181 -0.21713
   0.57906 -0.02959 -0.20551
   0.59626 -0.02732 -0.19448
   0.61355 -0.02500 -0.18408
   0.63090 -0.02268 -0.17433
   0.64824 -0.02037 -0.16521
   0.66552 -0.01809 -0.15665
   0.68272 -0.01585 -0.14860
   0.69982 -0.01367 -0.14102
   0.71684 -0.01156 -0.13384
   0.73379 -0.00953 -0.12702
   0.75067 -0.00760 -0.12051
   0.76746 -0.00576 -0.11432
   0.78418 -0.00404 -0.10843
   0.80079 -0.00245 -0.10288
   0.81731 -0.00100 -0.09772
   0.83371  0.00030 -0.09310
   0.85000  0.00143 -0.08921
   0.86619  0.00238 -0.08636
   0.88223  0.00314 -0.08501
   0.89808  0.00370 -0.08578
   0.91366  0.00404 -0.08954
   0.92887  0.00415 -0.09753
   0.94358  0.00401 -0.11133
   0.95760  0.00361 -0.13291
   0.97069  0.00296 -0.16530
   0.98268  0.00205 -0.21259
   0.99348  0.00090 -0.28270
   1.00000  0.00000 -0.25778
