BlendedAirfoil                                  
 Alfa =   1.70000 Re =    30000.000 Xflap,Yflap =     0.000000    0.000000
#    x        y        Cp  
   1.00000  0.00000 -0.17537
   0.99360  0.00192 -0.17497
   0.98272  0.00530 -0.17482
   0.97032  0.00914 -0.17467
   0.95680  0.01317 -0.17455
   0.94246  0.01720 -0.17446
   0.92739  0.02118 -0.17441
   0.91167  0.02516 -0.17438
   0.89549  0.02915 -0.17435
   0.87905  0.03313 -0.17432
   0.86245  0.03708 -0.17428
   0.84577  0.04099 -0.17423
   0.82904  0.04484 -0.17417
   0.81229  0.04864 -0.17411
   0.79553  0.05238 -0.17403
   0.77875  0.05606 -0.17395
   0.76200  0.05967 -0.17385
   0.74535  0.06319 -0.17376
   0.72877  0.06660 -0.17368
   0.71222  0.06990 -0.17362
   0.69568  0.07308 -0.17360
   0.67915  0.07616 -0.17362
   0.66266  0.07911 -0.17371
   0.64620  0.08193 -0.17388
   0.62976  0.08462 -0.17418
   0.61329  0.08718 -0.17463
   0.59681  0.08962 -0.17528
   0.58038  0.09191 -0.17619
   0.56400  0.09406 -0.17743
   0.54760  0.09605 -0.17911
   0.53117  0.09790 -0.18134
   0.51477  0.09961 -0.18425
   0.49845  0.10115 -0.18805
   0.48218  0.10252 -0.19296
   0.46588  0.10371 -0.19930
   0.44957  0.10475 -0.20738
   0.43329  0.10561 -0.21747
   0.41711  0.10630 -0.22964
   0.40098  0.10679 -0.24374
   0.38489  0.10708 -0.26017
   0.36879  0.10718 -0.27867
   0.35270  0.10708 -0.29861
   0.33674  0.10680 -0.31896
   0.32097  0.10629 -0.33812
   0.30526  0.10554 -0.35452
   0.28945  0.10454 -0.36894
   0.27369  0.10335 -0.38155
   0.25820  0.10195 -0.39197
   0.24291  0.10027 -0.39564
   0.22758  0.09831 -0.39525
   0.21226  0.09610 -0.39337
   0.19713  0.09366 -0.38788
   0.18221  0.09095 -0.37791
   0.16741  0.08797 -0.36390
   0.15275  0.08473 -0.34822
   0.13836  0.08125 -0.32876
   0.12444  0.07757 -0.30521
   0.11101  0.07364 -0.27441
   0.09797  0.06946 -0.23802
   0.08560  0.06517 -0.20101
   0.07425  0.06087 -0.15841
   0.06387  0.05649 -0.09814
   0.05444  0.05215 -0.03742
   0.04611  0.04801  0.01688
   0.03891  0.04412  0.07783
   0.03273  0.04046  0.14799
   0.02743  0.03701  0.22044
   0.02288  0.03375  0.29861
   0.01898  0.03066  0.37984
   0.01561  0.02774  0.46107
   0.01272  0.02495  0.54632
   0.01024  0.02228  0.63063
   0.00811  0.01971  0.71854
   0.00630  0.01724  0.79670
   0.00476  0.01485  0.86899
   0.00350  0.01255  0.92846
   0.00246  0.01033  0.97004
   0.00163  0.00819  0.99733
   0.00098  0.00612  0.99861
   0.00048  0.00410  0.97165
   0.00015  0.00214  0.90125
   0.00001  0.00024  0.78105
   0.00012 -0.00161  0.60117
   0.00052 -0.00343  0.39268
   0.00123 -0.00524  0.17972
   0.00223 -0.00703 -0.01546
   0.00354 -0.00879 -0.18477
   0.00514 -0.01048 -0.30077
   0.00705 -0.01212 -0.37309
   0.00924 -0.01371 -0.40836
   0.01171 -0.01530 -0.43207
   0.01450 -0.01689 -0.45044
   0.01766 -0.01852 -0.46700
   0.02125 -0.02021 -0.48119
   0.02534 -0.02197 -0.49956
   0.03002 -0.02380 -0.51700
   0.03539 -0.02569 -0.53318
   0.04158 -0.02763 -0.54645
   0.04875 -0.02960 -0.55125
   0.05710 -0.03158 -0.54731
   0.06678 -0.03358 -0.53536
   0.07781 -0.03556 -0.52239
   0.09010 -0.03747 -0.50725
   0.10359 -0.03926 -0.49130
   0.11806 -0.04096 -0.47730
   0.13314 -0.04249 -0.46771
   0.14862 -0.04385 -0.45841
   0.16445 -0.04503 -0.45077
   0.18059 -0.04604 -0.44174
   0.19691 -0.04691 -0.43623
   0.21328 -0.04763 -0.43071
   0.22971 -0.04819 -0.42541
   0.24629 -0.04860 -0.42026
   0.26296 -0.04890 -0.41508
   0.27961 -0.04908 -0.41114
   0.29624 -0.04912 -0.40660
   0.31291 -0.04903 -0.40148
   0.32963 -0.04882 -0.39676
   0.34633 -0.04849 -0.39144
   0.36298 -0.04803 -0.38603
   0.37961 -0.04745 -0.37932
   0.39623 -0.04673 -0.37214
   0.41285 -0.04588 -0.36387
   0.42943 -0.04489 -0.35491
   0.44597 -0.04378 -0.34496
   0.46247 -0.04253 -0.33408
   0.47892 -0.04112 -0.32239
   0.49532 -0.03957 -0.30997
   0.51176 -0.03785 -0.29739
   0.52831 -0.03597 -0.28499
   0.54506 -0.03395 -0.27337
   0.56199 -0.03181 -0.26275
   0.57906 -0.02959 -0.25315
   0.59626 -0.02732 -0.24439
   0.61355 -0.02500 -0.23629
   0.63090 -0.02268 -0.22881
   0.64824 -0.02037 -0.22197
   0.66552 -0.01809 -0.21568
   0.68272 -0.01585 -0.20989
   0.69982 -0.01367 -0.20451
   0.71684 -0.01156 -0.19944
   0.73379 -0.00953 -0.19462
   0.75067 -0.00760 -0.19000
   0.76746 -0.00576 -0.18552
   0.78418 -0.00404 -0.18115
   0.80079 -0.00245 -0.17683
   0.81731 -0.00100 -0.17255
   0.83371  0.00030 -0.16827
   0.85000  0.00143 -0.16396
   0.86619  0.00238 -0.15961
   0.88223  0.00314 -0.15525
   0.89808  0.00370 -0.15092
   0.91366  0.00404 -0.14668
   0.92887  0.00415 -0.14277
   0.94358  0.00401 -0.14028
   0.95760  0.00361 -0.14099
   0.97069  0.00296 -0.14724
   0.98268  0.00205 -0.16149
   0.99348  0.00090 -0.18567
   1.00000  0.00000 -0.17537
