#    s        x        y     Ue/Vinf    Dstar     Theta      Cf       H
   0.00000  1.00000  0.00000  1.07888  0.120477  0.002867 -0.000256    42.018
   0.00668  0.99360  0.00192  1.07868  0.117029  0.002892 -0.000694    40.460
   0.01807  0.98272  0.00530  1.07860  0.113857  0.002904 -0.000691    39.204
   0.03106  0.97032  0.00914  1.07853  0.110407  0.002916 -0.000689    37.863
   0.04516  0.95680  0.01317  1.07847  0.106877  0.002927 -0.000687    36.519
   0.06006  0.94246  0.01720  1.07842  0.103367  0.002936 -0.000685    35.212
   0.07565  0.92739  0.02118  1.07840  0.099903  0.002943 -0.000684    33.949
   0.09186  0.91167  0.02516  1.07838  0.096439  0.002949 -0.000683    32.703
   0.10852  0.89549  0.02915  1.07837  0.092926  0.002955 -0.000682    31.448
   0.12544  0.87905  0.03313  1.07836  0.089378  0.002961 -0.000682    30.185
   0.14250  0.86245  0.03708  1.07834  0.085803  0.002967 -0.000681    28.916
   0.15964  0.84577  0.04099  1.07832  0.082215  0.002974 -0.000680    27.645
   0.17681  0.82904  0.04484  1.07830  0.078615  0.002981 -0.000679    26.375
   0.19398  0.81229  0.04864  1.07828  0.075013  0.002988 -0.000679    25.108
   0.21115  0.79553  0.05238  1.07825  0.071416  0.002995 -0.000678    23.848
   0.22833  0.77875  0.05606  1.07822  0.067816  0.003002 -0.000678    22.593
   0.24546  0.76200  0.05967  1.07819  0.064220  0.003009 -0.000678    21.345
   0.26249  0.74535  0.06319  1.07816  0.060659  0.003015 -0.000678    20.116
   0.27941  0.72877  0.06660  1.07815  0.057157  0.003021 -0.000678    18.918
   0.29629  0.71222  0.06990  1.07814  0.053714  0.003026 -0.000679    17.748
   0.31313  0.69568  0.07308  1.07816  0.050334  0.003030 -0.000680    16.610
   0.32994  0.67915  0.07616  1.07822  0.047025  0.003033 -0.000683    15.506
   0.34670  0.66266  0.07911  1.07831  0.043793  0.003033 -0.000686    14.438
   0.36339  0.64620  0.08193  1.07845  0.040650  0.003032 -0.000690    13.408
   0.38005  0.62976  0.08462  1.07866  0.037612  0.003028 -0.000695    12.422
   0.39672  0.61329  0.08718  1.07897  0.034670  0.003021 -0.000702    11.477
   0.41338  0.59681  0.08962  1.07939  0.031829  0.003010 -0.000712    10.573
   0.42997  0.58038  0.09191  1.07996  0.029094  0.002996 -0.000723     9.710
   0.44649  0.56400  0.09406  1.08072  0.026493  0.002978 -0.000739     8.897
   0.46301  0.54760  0.09605  1.08173  0.024032  0.002954 -0.000758     8.136
   0.47954  0.53117  0.09790  1.08305  0.021694  0.002924 -0.000784     7.419
   0.49603  0.51477  0.09961  1.08475  0.019490  0.002889 -0.000818     6.747
   0.51242  0.49845  0.10115  1.08693  0.017434  0.002846 -0.000863     6.126
   0.52875  0.48218  0.10252  1.08972  0.015568  0.002795 -0.000909     5.570
   0.54509  0.46588  0.10371  1.09325  0.013860  0.002736 -0.000919     5.066
   0.56144  0.44957  0.10475  1.09764  0.012314  0.002668 -0.000836     4.615
   0.57774  0.43329  0.10561  1.10293  0.010919  0.002592 -0.000570     4.213
   0.59394  0.41711  0.10630  1.10901  0.009702  0.002509 -0.000069     3.866
   0.61007  0.40098  0.10679  1.11602  0.008664  0.002419  0.000649     3.582
   0.62617  0.38489  0.10708  1.12393  0.007762  0.002321  0.001578     3.345
   0.64227  0.36879  0.10718  1.13234  0.007018  0.002219  0.002605     3.163
   0.65836  0.35270  0.10708  1.14092  0.006379  0.002116  0.003743     3.015
   0.67432  0.33674  0.10680  1.14942  0.005805  0.002013  0.005060     2.883
   0.69010  0.32097  0.10629  1.15682  0.005354  0.001919  0.006270     2.791
   0.70583  0.30526  0.10554  1.16308  0.004983  0.001831  0.007398     2.722
   0.72167  0.28945  0.10454  1.16811  0.004674  0.001748  0.008407     2.673
   0.73747  0.27369  0.10335  1.17245  0.004372  0.001667  0.009580     2.623
   0.75302  0.25820  0.10195  1.17588  0.004068  0.001587  0.011049     2.563
   0.76841  0.24291  0.10027  1.17662  0.003843  0.001518  0.012130     2.531
   0.78386  0.22758  0.09831  1.17554  0.003653  0.001454  0.013017     2.512
   0.79934  0.21226  0.09610  1.17320  0.003475  0.001392  0.013871     2.497
   0.81467  0.19713  0.09366  1.17018  0.003274  0.001326  0.015131     2.469
   0.82983  0.18221  0.09095  1.16449  0.003120  0.001268  0.015942     2.460
   0.84493  0.16741  0.08797  1.15755  0.002971  0.001210  0.016724     2.456
   0.85995  0.15275  0.08473  1.14962  0.002809  0.001149  0.017742     2.446
   0.87475  0.13836  0.08125  1.13995  0.002654  0.001088  0.018725     2.440
   0.88915  0.12444  0.07757  1.12905  0.002469  0.001023  0.020478     2.414
   0.90314  0.11101  0.07364  1.11394  0.002318  0.000964  0.021743     2.404
   0.91683  0.09797  0.06946  1.09600  0.002200  0.000908  0.022149     2.421
   0.92993  0.08560  0.06517  1.07856  0.002025  0.000842  0.024091     2.404
   0.94206  0.07425  0.06087  1.05667  0.001841  0.000779  0.027030     2.363
   0.95332  0.06387  0.05649  1.02698  0.001721  0.000730  0.028223     2.359
   0.96371  0.05444  0.05215  0.99561  0.001621  0.000681  0.028494     2.379
   0.97301  0.04611  0.04801  0.96603  0.001490  0.000626  0.030048     2.379
   0.98119  0.03891  0.04412  0.93326  0.001336  0.000572  0.033762     2.337
   0.98837  0.03273  0.04046  0.89302  0.001248  0.000531  0.034125     2.350
   0.99470  0.02743  0.03701  0.85265  0.001135  0.000487  0.036439     2.332
   1.00030  0.02288  0.03375  0.80488  0.001031  0.000449  0.039153     2.297
   1.00527  0.01898  0.03066  0.75181  0.000978  0.000419  0.037328     2.331
   1.00973  0.01561  0.02774  0.69691  0.000869  0.000383  0.041299     2.269
   1.01375  0.01272  0.02495  0.63037  0.000831  0.000362  0.038024     2.297
   1.01739  0.01024  0.02228  0.56191  0.000756  0.000336  0.038883     2.252
   1.02073  0.00811  0.01971  0.48546  0.000726  0.000318  0.033940     2.284
   1.02380  0.00630  0.01724  0.40794  0.000652  0.000287  0.032190     2.270
   1.02664  0.00476  0.01485  0.31012  0.000612  0.000280  0.028067     2.186
   1.02926  0.00350  0.01255  0.21694  0.000641  0.000279  0.016917     2.300
   1.03171  0.00246  0.01033  0.12241  0.000507  0.000227  0.012882     2.230
   1.03400  0.00163  0.00819 -0.00313  0.000507  0.000227  0.000329     2.230
   1.03618  0.00098  0.00612 -0.11265  0.000539  0.000242  0.011141     2.230
   1.03826  0.00048  0.00410 -0.22846  0.000489  0.000221  0.025440     2.207
   1.04024  0.00015  0.00214 -0.37091  0.000434  0.000197  0.046586     2.204
   1.04215  0.00001  0.00024 -0.53917  0.000396  0.000180  0.074148     2.205
   1.04400  0.00012 -0.00161 -0.70025  0.000407  0.000181  0.090126     2.250
   1.04587  0.00052 -0.00343 -0.85240  0.000411  0.000184  0.110430     2.232
   1.04780  0.00123 -0.00524 -0.97734  0.000457  0.000199  0.106701     2.302
   1.04986  0.00223 -0.00703 -1.07513  0.000502  0.000218  0.106858     2.304
   1.05205  0.00354 -0.00879 -1.15071  0.000565  0.000241  0.097996     2.342
   1.05438  0.00514 -0.01048 -1.20036  0.000648  0.000271  0.084918     2.390
   1.05689  0.00705 -0.01212 -1.22382  0.000769  0.000311  0.067156     2.472
   1.05960  0.00924 -0.01371 -1.23463  0.000886  0.000353  0.056685     2.507
   1.06254  0.01171 -0.01530 -1.24329  0.000985  0.000393  0.051500     2.504
   1.06576  0.01450 -0.01689 -1.24758  0.001106  0.000437  0.044538     2.534
   1.06931  0.01766 -0.01852 -1.25056  0.001219  0.000480  0.040226     2.540
   1.07328  0.02125 -0.02021 -1.25444  0.001321  0.000522  0.037697     2.529
   1.07773  0.02534 -0.02197 -1.25885  0.001425  0.000565  0.035332     2.522
   1.08275  0.03002 -0.02380 -1.26327  0.001536  0.000610  0.032954     2.520
   1.08845  0.03539 -0.02569 -1.26844  0.001645  0.000655  0.031185     2.512
   1.09493  0.04158 -0.02763 -1.27069  0.001799  0.000709  0.027720     2.539
   1.10237  0.04875 -0.02960 -1.27142  0.001962  0.000767  0.024917     2.558
   1.11095  0.05710 -0.03158 -1.26761  0.002192  0.000839  0.020920     2.612
   1.12083  0.06678 -0.03358 -1.26100  0.002445  0.000920  0.017688     2.658
   1.13204  0.07781 -0.03556 -1.25414  0.002682  0.001003  0.015754     2.672
   1.14448  0.09010 -0.03747 -1.24658  0.002940  0.001092  0.013944     2.692
   1.15809  0.10359 -0.03926 -1.23865  0.003210  0.001184  0.012403     2.711
   1.17266  0.11806 -0.04096 -1.23128  0.003465  0.001275  0.011345     2.716
   1.18781  0.13314 -0.04249 -1.22627  0.003648  0.001357  0.011108     2.688
   1.20335  0.14862 -0.04385 -1.22117  0.003874  0.001440  0.010390     2.690
   1.21923  0.16445 -0.04503 -1.21704  0.004070  0.001518  0.009966     2.681
   1.23540  0.18059 -0.04604 -1.21252  0.004301  0.001598  0.009278     2.692
   1.25175  0.19691 -0.04691 -1.20921  0.004474  0.001670  0.009024     2.680
   1.26813  0.21328 -0.04763 -1.20626  0.004648  0.001739  0.008740     2.673
   1.28457  0.22971 -0.04819 -1.20331  0.004834  0.001808  0.008371     2.674
   1.30115  0.24629 -0.04860 -1.20037  0.005023  0.001876  0.007998     2.678
   1.31783  0.26296 -0.04890 -1.19756  0.005207  0.001942  0.007665     2.681
   1.33448  0.27961 -0.04908 -1.19514  0.005370  0.002005  0.007440     2.679
   1.35110  0.29624 -0.04912 -1.19273  0.005539  0.002067  0.007185     2.680
   1.36778  0.31291 -0.04903 -1.19013  0.005724  0.002129  0.006873     2.688
   1.38450  0.32963 -0.04882 -1.18739  0.005918  0.002192  0.006541     2.699
   1.40120  0.34633 -0.04849 -1.18471  0.006104  0.002254  0.006259     2.708
   1.41786  0.36298 -0.04803 -1.18177  0.006311  0.002317  0.005923     2.724
   1.43449  0.37961 -0.04745 -1.17845  0.006546  0.002383  0.005524     2.748
   1.45114  0.39623 -0.04673 -1.17481  0.006804  0.002450  0.005099     2.777
   1.46777  0.41285 -0.04588 -1.17079  0.007097  0.002520  0.004630     2.816
   1.48439  0.42943 -0.04489 -1.16650  0.007414  0.002592  0.004157     2.860
   1.50097  0.44597 -0.04378 -1.16180  0.007785  0.002668  0.003627     2.918
   1.51751  0.46247 -0.04253 -1.15677  0.008213  0.002747  0.003067     2.990
   1.53401  0.47892 -0.04112 -1.15142  0.008727  0.002829  0.002457     3.085
   1.55050  0.49532 -0.03957 -1.14598  0.009319  0.002912  0.001848     3.200
   1.56702  0.51176 -0.03785 -1.14053  0.010031  0.002996  0.001231     3.348
   1.58368  0.52831 -0.03597 -1.13533  0.010852  0.003078  0.000662     3.526
   1.60055  0.54506 -0.03395 -1.13053  0.011760  0.003154  0.000188     3.728
   1.61761  0.56199 -0.03181 -1.12619  0.012736  0.003226 -0.000173     3.948
   1.63483  0.57906 -0.02959 -1.12225  0.013751  0.003293 -0.000423     4.175
   1.65218  0.59626 -0.02732 -1.11861  0.014788  0.003358 -0.000580     4.404
   1.66962  0.61355 -0.02500 -1.11528  0.015828  0.003419 -0.000668     4.629
   1.68712  0.63090 -0.02268 -1.11225  0.016846  0.003477 -0.000709     4.844
   1.70462  0.64824 -0.02037 -1.10949  0.017827  0.003533 -0.000721     5.046
   1.72205  0.66552 -0.01809 -1.10697  0.018762  0.003585 -0.000718     5.233
   1.73939  0.68272 -0.01585 -1.10466  0.019645  0.003636 -0.000709     5.403
   1.75663  0.69982 -0.01367 -1.10250  0.020452  0.003684 -0.000698     5.551
   1.77378  0.71684 -0.01156 -1.10047  0.021175  0.003731 -0.000685     5.675
   1.79085  0.73379 -0.00953 -1.09854  0.021803  0.003777 -0.000672     5.772
   1.80784  0.75067 -0.00760 -1.09668  0.022334  0.003823 -0.000660     5.842
   1.82474  0.76746 -0.00576 -1.09486  0.022751  0.003868 -0.000650     5.881
   1.84154  0.78418 -0.00404 -1.09308  0.023052  0.003914 -0.000641     5.890
   1.85823  0.80079 -0.00245 -1.09132  0.023222  0.003959 -0.000633     5.865
   1.87481  0.81731 -0.00100 -1.08956  0.023253  0.004005 -0.000627     5.805
   1.89126  0.83371  0.00030 -1.08778  0.023131  0.004052 -0.000622     5.708
   1.90759  0.85000  0.00143 -1.08598  0.022848  0.004100 -0.000617     5.573
   1.92381  0.86619  0.00238 -1.08413  0.022394  0.004148 -0.000610     5.399
   1.93987  0.88223  0.00314 -1.08225  0.021773  0.004197 -0.000599     5.188
   1.95573  0.89808  0.00370 -1.08033  0.020976  0.004245 -0.000575     4.941
   1.97131  0.91366  0.00404 -1.07840  0.020004  0.004294 -0.000522     4.659
   1.98653  0.92887  0.00415 -1.07652  0.018852  0.004340 -0.000404     4.344
   2.00124  0.94358  0.00401 -1.07472  0.017539  0.004383 -0.000171     4.002
   2.01526  0.95760  0.00361 -1.07342  0.016098  0.004414  0.000242     3.647
   2.02837  0.97069  0.00296 -1.07356  0.014571  0.004414  0.000893     3.301
   2.04040  0.98268  0.00205 -1.07620  0.013021  0.004365  0.001822     2.983
   2.05125  0.99348  0.00090 -1.08211  0.011543  0.004262  0.003023     2.708
   2.05783  1.00000  0.00000 -1.07888  0.012163  0.004331  0.002515     2.808
   2.05783  1.00010 -0.00002  1.07888  0.132640  0.007198  0.000000    18.426
   2.06446  1.00660 -0.00133  1.07570  0.127117  0.007625  0.000000    16.672
   2.07221  1.01424 -0.00264  1.07219  0.124473  0.008088  0.000000    15.389
   2.08127  1.02319 -0.00401  1.06798  0.121823  0.008639  0.000000    14.102
   2.09186  1.03367 -0.00549  1.06291  0.119007  0.009298  0.000000    12.800
   2.10423  1.04594 -0.00708  1.05678  0.115854  0.010090  0.000000    11.482
   2.11869  1.06030 -0.00880  1.04934  0.112228  0.011047  0.000000    10.159
   2.13560  1.07710 -0.01065  1.04024  0.107989  0.012210  0.000000     8.844
   2.15535  1.09676 -0.01266  1.02915  0.102982  0.013621  0.000000     7.560
   2.17845  1.11975 -0.01482  1.01543  0.097043  0.015358  0.000000     6.319
   2.20544  1.14664 -0.01714  0.99794  0.090021  0.017563  0.000000     5.126
   2.23698  1.17809 -0.01962  0.97447  0.081843  0.020528  0.000000     3.987
   2.27386  1.21487 -0.02226  0.94953  0.072358  0.023686  0.000000     3.055
   2.31695  1.25787 -0.02507  0.93163  0.061931  0.025913  0.000000     2.390
   2.36732  1.30815 -0.02802  0.92382  0.051654  0.026836  0.000000     1.925
   2.42619  1.36695 -0.03111  0.92658  0.042734  0.026536  0.000000     1.610
   2.49501  1.43568 -0.03430  0.93649  0.035881  0.025564  0.000000     1.404
   2.57543  1.51604 -0.03759  0.94877  0.031048  0.024477  0.000000     1.268
   2.66944  1.60999 -0.04091  0.96018  0.027773  0.023552  0.000000     1.179
   2.77931  1.71981 -0.04423  0.96960  0.025575  0.022839  0.000000     1.120
   2.90773  1.84819 -0.04748  0.97698  0.024097  0.022309  0.000000     1.080
   3.05782  1.99825 -0.05059  0.98523  0.022906  0.021741  0.000000     1.054
