BlendedAirfoil                                  
 Alfa =   3.65000 Re =    20000.000 Xflap,Yflap =     0.000000    0.000000
#    x        y        Cp  
   1.00000  0.00000 -0.23258
   0.99364  0.00201 -0.23228
   0.98283  0.00544 -0.23219
   0.97055  0.00931 -0.23211
   0.95712  0.01335 -0.23206
   0.94286  0.01740 -0.23204
   0.92786  0.02141 -0.23205
   0.91220  0.02541 -0.23208
   0.89609  0.02942 -0.23212
   0.87971  0.03341 -0.23216
   0.86318  0.03738 -0.23220
   0.84656  0.04130 -0.23223
   0.82989  0.04517 -0.23225
   0.81321  0.04899 -0.23227
   0.79652  0.05273 -0.23228
   0.77978  0.05643 -0.23228
   0.76308  0.06007 -0.23227
   0.74647  0.06361 -0.23227
   0.72994  0.06704 -0.23227
   0.71344  0.07036 -0.23229
   0.69694  0.07357 -0.23233
   0.68046  0.07667 -0.23241
   0.66401  0.07965 -0.23253
   0.64761  0.08250 -0.23271
   0.63123  0.08521 -0.23297
   0.61480  0.08779 -0.23334
   0.59836  0.09025 -0.23384
   0.58198  0.09257 -0.23450
   0.56566  0.09473 -0.23537
   0.54933  0.09674 -0.23651
   0.53293  0.09860 -0.23800
   0.51655  0.10033 -0.23990
   0.50026  0.10190 -0.24231
   0.48404  0.10328 -0.24539
   0.46779  0.10449 -0.24932
   0.45151  0.10554 -0.25429
   0.43525  0.10643 -0.26054
   0.41907  0.10713 -0.26837
   0.40298  0.10765 -0.27807
   0.38693  0.10796 -0.28989
   0.37085  0.10808 -0.30382
   0.35476  0.10800 -0.31996
   0.33878  0.10774 -0.33857
   0.32303  0.10727 -0.35910
   0.30737  0.10654 -0.38041
   0.29158  0.10557 -0.40177
   0.27578  0.10439 -0.42292
   0.26028  0.10302 -0.44268
   0.24502  0.10139 -0.45817
   0.22972  0.09944 -0.46953
   0.21436  0.09725 -0.47890
   0.19920  0.09484 -0.48616
   0.18429  0.09217 -0.48821
   0.16950  0.08922 -0.48649
   0.15481  0.08599 -0.48176
   0.14036  0.08253 -0.47512
   0.12638  0.07886 -0.46593
   0.11290  0.07496 -0.44765
   0.09977  0.07076 -0.42299
   0.08721  0.06643 -0.40122
   0.07568  0.06209 -0.37199
   0.06515  0.05767 -0.32521
   0.05550  0.05322 -0.27674
   0.04692  0.04898 -0.23452
   0.03952  0.04501 -0.18916
   0.03319  0.04127 -0.13107
   0.02777  0.03774 -0.06924
   0.02313  0.03441  0.00481
   0.01915  0.03125  0.08488
   0.01574  0.02825  0.16902
   0.01281  0.02541  0.25736
   0.01030  0.02269  0.35066
   0.00816  0.02007  0.45355
   0.00634  0.01756  0.55264
   0.00481  0.01513  0.64658
   0.00353  0.01281  0.74146
   0.00250  0.01057  0.82736
   0.00166  0.00842  0.89355
   0.00100  0.00634  0.95038
   0.00049  0.00433  0.98928
   0.00014  0.00237  1.00031
  -0.00001  0.00047  0.98211
   0.00009 -0.00138  0.91402
   0.00049 -0.00318  0.79996
   0.00119 -0.00498  0.65743
   0.00220 -0.00676  0.50486
   0.00351 -0.00851  0.36350
   0.00512 -0.01021  0.24483
   0.00701 -0.01184  0.14629
   0.00920 -0.01343  0.07654
   0.01168 -0.01499  0.02405
   0.01448 -0.01656 -0.02202
   0.01766 -0.01815 -0.06121
   0.02129 -0.01981 -0.09451
   0.02543 -0.02154 -0.13201
   0.03017 -0.02333 -0.16982
   0.03561 -0.02519 -0.20592
   0.04190 -0.02708 -0.23730
   0.04922 -0.02900 -0.26039
   0.05776 -0.03093 -0.27388
   0.06768 -0.03288 -0.28069
   0.07895 -0.03481 -0.28636
   0.09144 -0.03664 -0.29012
   0.10515 -0.03835 -0.28884
   0.11981 -0.03996 -0.29064
   0.13498 -0.04141 -0.29386
   0.15051 -0.04267 -0.29628
   0.16639 -0.04375 -0.29787
   0.18258 -0.04467 -0.29879
   0.19892 -0.04546 -0.30103
   0.21526 -0.04609 -0.30327
   0.23166 -0.04656 -0.30453
   0.24824 -0.04689 -0.30503
   0.26491 -0.04711 -0.30634
   0.28153 -0.04721 -0.30735
   0.29810 -0.04717 -0.30808
   0.31475 -0.04699 -0.30794
   0.33145 -0.04670 -0.30756
   0.34811 -0.04629 -0.30674
   0.36473 -0.04576 -0.30560
   0.38133 -0.04510 -0.30321
   0.39793 -0.04431 -0.30004
   0.41453 -0.04339 -0.29578
   0.43111 -0.04234 -0.29093
   0.44765 -0.04116 -0.28471
   0.46414 -0.03985 -0.27760
   0.48059 -0.03840 -0.26923
   0.49701 -0.03680 -0.25963
   0.51348 -0.03504 -0.24900
   0.53008 -0.03313 -0.23759
   0.54687 -0.03109 -0.22607
   0.56382 -0.02896 -0.21474
   0.58089 -0.02675 -0.20384
   0.59806 -0.02449 -0.19347
   0.61529 -0.02221 -0.18370
   0.63255 -0.01994 -0.17451
   0.64979 -0.01769 -0.16587
   0.66698 -0.01547 -0.15773
   0.68409 -0.01330 -0.15005
   0.70109 -0.01119 -0.14279
   0.71802 -0.00917 -0.13590
   0.73488 -0.00723 -0.12934
   0.75168 -0.00538 -0.12307
   0.76841 -0.00365 -0.11710
   0.78504 -0.00203 -0.11142
   0.80157 -0.00054 -0.10605
   0.81800  0.00080 -0.10105
   0.83432  0.00198 -0.09653
   0.85054  0.00299 -0.09264
   0.86665  0.00381 -0.08965
   0.88262  0.00443 -0.08791
   0.89840  0.00486 -0.08795
   0.91391  0.00506 -0.09048
   0.92905  0.00502 -0.09651
   0.94370  0.00473 -0.10735
   0.95766  0.00418 -0.12468
   0.97070  0.00337 -0.15086
   0.98268  0.00230 -0.18910
   0.99347  0.00100 -0.24489
   1.00000  0.00000 -0.23258
