#    s        x        y     Ue/Vinf    Dstar     Theta      Cf       H
   0.00000  1.00000  0.00000  0.88406  0.029921  0.012911  0.000637     2.318
   0.00667  0.99364  0.00201  0.89216  0.027527  0.012416  0.000780     2.217
   0.01801  0.98283  0.00544  0.90337  0.024992  0.011780  0.000955     2.122
   0.03089  0.97055  0.00931  0.91720  0.022445  0.011065  0.001173     2.028
   0.04491  0.95712  0.01335  0.93267  0.020148  0.010341  0.001413     1.948
   0.05974  0.94286  0.01740  0.94876  0.018206  0.009659  0.001656     1.885
   0.07527  0.92786  0.02141  0.96458  0.016636  0.009046  0.001880     1.839
   0.09142  0.91220  0.02541  0.98009  0.015344  0.008495  0.002082     1.806
   0.10802  0.89609  0.02942  0.99536  0.014260  0.007993  0.002264     1.784
   0.12488  0.87971  0.03341  1.01036  0.013340  0.007535  0.002422     1.770
   0.14188  0.86318  0.03738  1.02503  0.012563  0.007117  0.002551     1.765
   0.15896  0.84656  0.04130  1.03939  0.011907  0.006734  0.002646     1.768
   0.17607  0.82989  0.04517  1.05337  0.011366  0.006382  0.002698     1.781
   0.19318  0.81321  0.04899  1.06708  0.010927  0.006057  0.002700     1.804
   0.21029  0.79652  0.05273  1.08053  0.010593  0.005755  0.002640     1.841
   0.22743  0.77978  0.05643  1.09399  0.010360  0.005467  0.002508     1.895
   0.24453  0.76308  0.06007  1.10801  0.010214  0.005184  0.002301     1.970
   0.26151  0.74647  0.06361  1.12277  0.010188  0.004901  0.002003     2.079
   0.27839  0.72994  0.06704  1.13894  0.010309  0.004606  0.001607     2.238
   0.29522  0.71344  0.07036  1.15814  0.010587  0.004274  0.001148     2.477
   0.31203  0.69694  0.07357  1.18269  0.011020  0.003871  0.000722     2.847
   0.32881  0.68046  0.07667  1.21547  0.011569  0.003361  0.000220     3.442
   0.34552  0.66401  0.07965  1.25978  0.012141  0.002716 -0.000214     4.471
   0.36216  0.64761  0.08250  1.31026  0.012607  0.002038 -0.000362     6.187
   0.37877  0.63123  0.08521  1.35181  0.012861  0.001529 -0.000455     8.413
   0.39539  0.61480  0.08779  1.35373  0.012915  0.001508 -0.000460     8.563
   0.41202  0.59836  0.09025  1.35542  0.012693  0.001491 -0.000466     8.515
   0.42857  0.58198  0.09257  1.35701  0.012284  0.001475 -0.000474     8.330
   0.44503  0.56566  0.09473  1.35858  0.011762  0.001460 -0.000483     8.059
   0.46148  0.54933  0.09674  1.36022  0.011171  0.001444 -0.000493     7.734
   0.47798  0.53293  0.09860  1.36198  0.010517  0.001429 -0.000506     7.361
   0.49446  0.51655  0.10033  1.36391  0.009802  0.001413 -0.000521     6.939
   0.51082  0.50026  0.10190  1.36609  0.009065  0.001395 -0.000541     6.496
   0.52710  0.48404  0.10328  1.36864  0.008349  0.001376 -0.000564     6.066
   0.54339  0.46779  0.10449  1.37167  0.007658  0.001355 -0.000588     5.650
   0.55971  0.45151  0.10554  1.37528  0.006986  0.001332 -0.000601     5.247
   0.57600  0.43525  0.10643  1.37956  0.006330  0.001305 -0.000586     4.849
   0.59218  0.41907  0.10713  1.38462  0.005726  0.001276 -0.000508     4.487
   0.60829  0.40298  0.10765  1.39044  0.005178  0.001244 -0.000335     4.160
   0.62434  0.38693  0.10796  1.39698  0.004697  0.001211 -0.000062     3.880
   0.64042  0.37085  0.10808  1.40436  0.004276  0.001174  0.000307     3.642
   0.65651  0.35476  0.10800  1.41256  0.003905  0.001135  0.000760     3.441
   0.67249  0.33878  0.10774  1.42153  0.003554  0.001093  0.001351     3.252
   0.68825  0.32303  0.10727  1.43074  0.003256  0.001051  0.001997     3.099
   0.70393  0.30737  0.10654  1.43928  0.003039  0.001011  0.002516     3.006
   0.71975  0.29158  0.10557  1.44719  0.002873  0.000974  0.002916     2.951
   0.73559  0.27578  0.10439  1.45573  0.002683  0.000934  0.003526     2.872
   0.75115  0.26028  0.10302  1.46441  0.002482  0.000894  0.004355     2.778
   0.76650  0.24502  0.10139  1.47088  0.002344  0.000859  0.004928     2.730
   0.78192  0.22972  0.09944  1.47542  0.002257  0.000828  0.005163     2.725
   0.79744  0.21436  0.09725  1.48056  0.002157  0.000796  0.005533     2.709
   0.81279  0.19920  0.09484  1.48648  0.002029  0.000761  0.006224     2.666
   0.82793  0.18429  0.09217  1.49053  0.001933  0.000730  0.006677     2.650
   0.84302  0.16950  0.08922  1.49360  0.001858  0.000700  0.006919     2.655
   0.85806  0.15481  0.08599  1.49721  0.001777  0.000668  0.007217     2.659
   0.87291  0.14036  0.08253  1.50182  0.001678  0.000634  0.007790     2.646
   0.88737  0.12638  0.07886  1.50693  0.001558  0.000598  0.008819     2.605
   0.90140  0.11290  0.07496  1.50935  0.001467  0.000565  0.009498     2.595
   0.91519  0.09977  0.07076  1.50990  0.001415  0.000536  0.009337     2.641
   0.92848  0.08721  0.06643  1.51519  0.001307  0.000499  0.010393     2.620
   0.94079  0.07568  0.06209  1.52082  0.001164  0.000460  0.012937     2.532
   0.95221  0.06515  0.05767  1.51706  0.001104  0.000432  0.013280     2.554
   0.96284  0.05550  0.05322  1.51465  0.001064  0.000405  0.012708     2.624
   0.97241  0.04692  0.04898  1.51955  0.000974  0.000372  0.013989     2.620
   0.98081  0.03952  0.04501  1.52464  0.000874  0.000339  0.016362     2.580
   0.98816  0.03319  0.04127  1.52605  0.000787  0.000310  0.018999     2.542
   0.99463  0.02777  0.03774  1.52309  0.000713  0.000284  0.021587     2.512
   1.00034  0.02313  0.03441  1.51631  0.000647  0.000261  0.024594     2.478
   1.00542  0.01915  0.03125  1.50437  0.000594  0.000241  0.026927     2.465
   1.00996  0.01574  0.02825  1.48972  0.000543  0.000222  0.029863     2.442
   1.01405  0.01281  0.02541  1.47034  0.000496  0.000205  0.033190     2.415
   1.01775  0.01030  0.02269  1.44456  0.000454  0.000190  0.036768     2.384
   1.02112  0.00816  0.02007  1.41085  0.000418  0.000178  0.039939     2.357
   1.02423  0.00634  0.01756  1.36982  0.000391  0.000167  0.041920     2.347
   1.02710  0.00481  0.01513  1.32379  0.000364  0.000157  0.044346     2.327
   1.02975  0.00353  0.01281  1.26982  0.000340  0.000148  0.046935     2.297
   1.03221  0.00250  0.01057  1.20678  0.000324  0.000142  0.047278     2.286
   1.03452  0.00166  0.00842  1.13990  0.000311  0.000136  0.046600     2.283
   1.03670  0.00100  0.00634  1.07155  0.000299  0.000131  0.045056     2.293
   1.03878  0.00049  0.00433  1.00617  0.000288  0.000123  0.042060     2.341
   1.04077  0.00014  0.00237  0.94348  0.000258  0.000110  0.044211     2.337
   1.04268 -0.00001  0.00047  0.85632  0.000223  0.000099  0.049377     2.267
   1.04452  0.00009 -0.00138  0.73539  0.000209  0.000091  0.044891     2.280
   1.04638  0.00049 -0.00318  0.58153  0.000192  0.000087  0.041368     2.202
   1.04830  0.00119 -0.00498  0.40250  0.000207  0.000093  0.025901     2.232
   1.05035  0.00220 -0.00676  0.23572  0.000215  0.000097  0.014904     2.209
   1.05254  0.00351 -0.00851  0.08347  0.000247  0.000111  0.004510     2.230
   1.05487  0.00512 -0.01021 -0.05113  0.000247  0.000111  0.002763     2.230
   1.05738  0.00701 -0.01184 -0.17001  0.000286  0.000127  0.007767     2.253
   1.06008  0.00920 -0.01343 -0.26102  0.000330  0.000146  0.010210     2.264
   1.06301  0.01168 -0.01499 -0.34091  0.000356  0.000158  0.012523     2.250
   1.06622  0.01448 -0.01656 -0.41191  0.000393  0.000172  0.013373     2.278
   1.06978  0.01766 -0.01815 -0.47026  0.000441  0.000192  0.013345     2.300
   1.07377  0.02129 -0.01981 -0.52488  0.000475  0.000208  0.014041     2.283
   1.07825  0.02543 -0.02154 -0.57700  0.000515  0.000224  0.014079     2.295
   1.08332  0.03017 -0.02333 -0.62626  0.000554  0.000241  0.014144     2.298
   1.08907  0.03561 -0.02519 -0.67275  0.000599  0.000260  0.013922     2.308
   1.09564  0.04190 -0.02708 -0.71454  0.000657  0.000282  0.013252     2.328
   1.10320  0.04922 -0.02900 -0.74993  0.000729  0.000310  0.012212     2.354
   1.11196  0.05776 -0.03093 -0.78008  0.000810  0.000341  0.011247     2.371
   1.12207  0.06768 -0.03288 -0.80641  0.000897  0.000376  0.010375     2.384
   1.13350  0.07895 -0.03481 -0.83122  0.000976  0.000410  0.009862     2.380
   1.14613  0.09144 -0.03664 -0.85251  0.001071  0.000447  0.009077     2.396
   1.15994  0.10515 -0.03835 -0.86858  0.001184  0.000489  0.008125     2.424
   1.17469  0.11981 -0.03996 -0.88476  0.001261  0.000524  0.007926     2.405
   1.18993  0.13498 -0.04141 -0.89985  0.001341  0.000558  0.007598     2.402
   1.20552  0.15051 -0.04267 -0.91269  0.001428  0.000592  0.007178     2.411
   1.22143  0.16639 -0.04375 -0.92285  0.001524  0.000628  0.006686     2.427
   1.23764  0.18258 -0.04467 -0.93147  0.001614  0.000663  0.006316     2.436
   1.25400  0.19892 -0.04546 -0.93989  0.001686  0.000694  0.006136     2.430
   1.27036  0.21526 -0.04609 -0.94799  0.001752  0.000723  0.005990     2.425
   1.28677  0.23166 -0.04656 -0.95445  0.001835  0.000753  0.005689     2.436
   1.30335  0.24824 -0.04689 -0.95949  0.001926  0.000785  0.005362     2.452
   1.32002  0.26491 -0.04711 -0.96473  0.001993  0.000814  0.005226     2.449
   1.33663  0.28153 -0.04721 -0.96985  0.002054  0.000840  0.005118     2.445
   1.35321  0.29810 -0.04717 -0.97398  0.002129  0.000868  0.004919     2.453
   1.36986  0.31475 -0.04699 -0.97723  0.002211  0.000897  0.004692     2.465
   1.38656  0.33145 -0.04670 -0.98015  0.002287  0.000925  0.004515     2.473
   1.40323  0.34811 -0.04629 -0.98285  0.002357  0.000952  0.004375     2.477
   1.41985  0.36473 -0.04576 -0.98484  0.002437  0.000980  0.004193     2.487
   1.43647  0.38133 -0.04510 -0.98617  0.002523  0.001009  0.003994     2.502
   1.45309  0.39793 -0.04431 -0.98668  0.002621  0.001039  0.003763     2.522
   1.46972  0.41453 -0.04339 -0.98666  0.002722  0.001071  0.003544     2.542
   1.48633  0.43111 -0.04234 -0.98579  0.002838  0.001104  0.003293     2.570
   1.50291  0.44765 -0.04116 -0.98424  0.002965  0.001139  0.003034     2.602
   1.51945  0.46414 -0.03985 -0.98169  0.003119  0.001178  0.002728     2.648
   1.53596  0.48059 -0.03840 -0.97813  0.003306  0.001220  0.002382     2.709
   1.55247  0.49701 -0.03680 -0.97334  0.003548  0.001268  0.001969     2.798
   1.56903  0.51348 -0.03504 -0.96757  0.003859  0.001321  0.001514     2.922
   1.58574  0.53008 -0.03313 -0.96118  0.004253  0.001377  0.001045     3.089
   1.60264  0.54687 -0.03109 -0.95483  0.004723  0.001433  0.000618     3.296
   1.61973  0.56382 -0.02896 -0.94899  0.005256  0.001485  0.000272     3.538
   1.63695  0.58089 -0.02675 -0.94384  0.005853  0.001533  0.000010     3.817
   1.65426  0.59806 -0.02449 -0.93938  0.006504  0.001576 -0.000164     4.126
   1.67164  0.61529 -0.02221 -0.93544  0.007189  0.001617 -0.000262     4.447
   1.68905  0.63255 -0.01994 -0.93198  0.007894  0.001654 -0.000306     4.774
   1.70644  0.64979 -0.01769 -0.92899  0.008610  0.001688 -0.000318     5.102
   1.72377  0.66698 -0.01547 -0.92642  0.009331  0.001719 -0.000314     5.429
   1.74101  0.68409 -0.01330 -0.92418  0.010045  0.001747 -0.000306     5.748
   1.75815  0.70109 -0.01119 -0.92222  0.010732  0.001774 -0.000295     6.050
   1.77520  0.71802 -0.00917 -0.92045  0.011380  0.001799 -0.000285     6.325
   1.79217  0.73488 -0.00723 -0.91884  0.011981  0.001823 -0.000277     6.572
   1.80907  0.75168 -0.00538 -0.91734  0.012523  0.001846 -0.000270     6.782
   1.82588  0.76841 -0.00365 -0.91592  0.013004  0.001869 -0.000264     6.957
   1.84259  0.78504 -0.00203 -0.91455  0.013403  0.001892 -0.000259     7.084
   1.85920  0.80157 -0.00054 -0.91321  0.013715  0.001915 -0.000255     7.162
   1.87568  0.81800  0.00080 -0.91188  0.013924  0.001938 -0.000251     7.184
   1.89204  0.83432  0.00198 -0.91053  0.014018  0.001962 -0.000248     7.144
   1.90829  0.85054  0.00299 -0.90914  0.013985  0.001987 -0.000246     7.038
   1.92442  0.86665  0.00381 -0.90770  0.013817  0.002013 -0.000244     6.863
   1.94041  0.88262  0.00443 -0.90619  0.013511  0.002040 -0.000244     6.622
   1.95619  0.89840  0.00486 -0.90460  0.013062  0.002069 -0.000244     6.314
   1.97170  0.91391  0.00506 -0.90292  0.012459  0.002098 -0.000246     5.939
   1.98685  0.92905  0.00502 -0.90115  0.011694  0.002127 -0.000247     5.497
   2.00150  0.94370  0.00473 -0.89933  0.010767  0.002157 -0.000238     4.993
   2.01546  0.95766  0.00418 -0.89756  0.009686  0.002183 -0.000185     4.436
   2.02853  0.97070  0.00337 -0.89089  0.008486  0.002284  0.000058     3.715
   2.04056  0.98268  0.00230 -0.88462  0.007194  0.002375  0.000628     3.030
   2.05143  0.99347  0.00100 -0.88627  0.005876  0.002361  0.001562     2.489
   2.05803  1.00000  0.00000 -0.88406  0.005674  0.002394  0.001822     2.370
   2.05803  1.00010 -0.00002  0.88406  0.035595  0.015305  0.000000     2.326
   2.06467  1.00659 -0.00141  0.88966  0.032316  0.014901  0.000000     2.169
   2.07243  1.01423 -0.00276  0.89240  0.030532  0.014713  0.000000     2.075
   2.08150  1.02319 -0.00415  0.89541  0.028829  0.014515  0.000000     1.986
   2.09210  1.03368 -0.00563  0.89884  0.027166  0.014298  0.000000     1.900
   2.10448  1.04597 -0.00718  0.90286  0.025517  0.014054  0.000000     1.816
   2.11896  1.06035 -0.00883  0.90756  0.023890  0.013781  0.000000     1.734
   2.13587  1.07718 -0.01056  0.91296  0.022304  0.013482  0.000000     1.654
   2.15564  1.09687 -0.01238  0.91899  0.020786  0.013165  0.000000     1.579
   2.17875  1.11989 -0.01427  0.92552  0.019360  0.012839  0.000000     1.508
   2.20575  1.14683 -0.01622  0.93234  0.018048  0.012516  0.000000     1.442
   2.23731  1.17833 -0.01819  0.93924  0.016861  0.012205  0.000000     1.381
   2.27420  1.21516 -0.02017  0.94602  0.015803  0.011914  0.000000     1.326
   2.31730  1.25822 -0.02208  0.95252  0.014873  0.011648  0.000000     1.277
   2.36768  1.30857 -0.02388  0.95861  0.014062  0.011409  0.000000     1.233
   2.42656  1.36743 -0.02549  0.96422  0.013362  0.011197  0.000000     1.193
   2.49537  1.43623 -0.02679  0.96933  0.012763  0.011011  0.000000     1.159
   2.57580  1.51664 -0.02767  0.97393  0.012256  0.010848  0.000000     1.130
   2.66978  1.61063 -0.02796  0.97802  0.011831  0.010707  0.000000     1.105
   2.77963  1.72048 -0.02749  0.98161  0.011480  0.010587  0.000000     1.084
   2.90801  1.84884 -0.02601  0.98472  0.011193  0.010484  0.000000     1.068
   3.05804  1.99885 -0.02327  0.98799  0.010940  0.010378  0.000000     1.054
