#    s        x        y     Ue/Vinf    Dstar     Theta      Cf       H
   0.00000  1.00000  0.00000  1.03046  0.107682  0.018210 -0.000065     5.913
   0.00668  0.99360  0.00192  1.03198  0.104592  0.018000 -0.000066     5.811
   0.01807  0.98272  0.00530  1.03495  0.101498  0.017602 -0.000068     5.766
   0.03106  0.97032  0.00914  1.03852  0.098151  0.017139 -0.000070     5.727
   0.04516  0.95680  0.01317  1.04263  0.094775  0.016625 -0.000073     5.701
   0.06006  0.94246  0.01720  1.04726  0.091495  0.016069 -0.000076     5.694
   0.07565  0.92739  0.02118  1.05241  0.088345  0.015473 -0.000079     5.709
   0.09186  0.91167  0.02516  1.05813  0.085285  0.014840 -0.000082     5.747
   0.10852  0.89549  0.02915  1.06438  0.082269  0.014176 -0.000087     5.804
   0.12544  0.87905  0.03313  1.07117  0.079305  0.013487 -0.000091     5.880
   0.14250  0.86245  0.03708  1.07850  0.076404  0.012778 -0.000096     5.979
   0.15964  0.84577  0.04099  1.08640  0.073569  0.012051 -0.000102     6.105
   0.17681  0.82904  0.04484  1.09493  0.070801  0.011304 -0.000108     6.263
   0.19398  0.81229  0.04864  1.10415  0.068100  0.010540 -0.000116     6.461
   0.21115  0.79553  0.05238  1.11416  0.065468  0.009754 -0.000125     6.712
   0.22833  0.77875  0.05606  1.12509  0.062890  0.008946 -0.000135     7.030
   0.24546  0.76200  0.05967  1.13705  0.060362  0.008115 -0.000148     7.438
   0.26249  0.74535  0.06319  1.15019  0.057896  0.007260 -0.000165     7.975
   0.27941  0.72877  0.06660  1.16475  0.055504  0.006375 -0.000187     8.706
   0.29629  0.71222  0.06990  1.18123  0.053157  0.005446 -0.000217     9.761
   0.31313  0.69568  0.07308  1.20054  0.050814  0.004441 -0.000266    11.443
   0.32994  0.67915  0.07616  1.22408  0.048411  0.003320 -0.000329    14.584
   0.34670  0.66266  0.07911  1.25718  0.045721  0.001872 -0.000348    24.426
   0.36339  0.64620  0.08193  1.25792  0.043869  0.001847 -0.000642    23.757
   0.38005  0.62976  0.08462  1.25802  0.041877  0.001846 -0.000643    22.684
   0.39672  0.61329  0.08718  1.25810  0.039788  0.001847 -0.000644    21.546
   0.41338  0.59681  0.08962  1.25816  0.037624  0.001848 -0.000645    20.359
   0.42997  0.58038  0.09191  1.25821  0.035413  0.001850 -0.000646    19.143
   0.44649  0.56400  0.09406  1.25826  0.033200  0.001852 -0.000647    17.930
   0.46301  0.54760  0.09605  1.25833  0.030993  0.001853 -0.000649    16.726
   0.47954  0.53117  0.09790  1.25843  0.028787  0.001854 -0.000652    15.529
   0.49603  0.51477  0.09961  1.25857  0.026594  0.001854 -0.000655    14.347
   0.51242  0.49845  0.10115  1.25877  0.024444  0.001852 -0.000660    13.196
   0.52875  0.48218  0.10252  1.25908  0.022367  0.001849 -0.000666    12.096
   0.54509  0.46588  0.10371  1.25953  0.020351  0.001844 -0.000674    11.038
   0.56144  0.44957  0.10475  1.26017  0.018394  0.001836 -0.000686    10.021
   0.57774  0.43329  0.10561  1.26105  0.016514  0.001824 -0.000701     9.052
   0.59394  0.41711  0.10630  1.26227  0.014729  0.001809 -0.000722     8.141
   0.61007  0.40098  0.10679  1.26397  0.013067  0.001790 -0.000751     7.302
   0.62617  0.38489  0.10708  1.26627  0.011519  0.001765 -0.000791     6.528
   0.64227  0.36879  0.10718  1.26939  0.010104  0.001733 -0.000843     5.829
   0.65836  0.35270  0.10708  1.27355  0.008814  0.001696 -0.000872     5.198
   0.67432  0.33674  0.10680  1.27896  0.007648  0.001651 -0.000795     4.633
   0.69010  0.32097  0.10629  1.28566  0.006649  0.001600 -0.000478     4.157
   0.70583  0.30526  0.10554  1.29359  0.005830  0.001543  0.000110     3.778
   0.72167  0.28945  0.10454  1.30288  0.005169  0.001480  0.000896     3.493
   0.73747  0.27369  0.10335  1.31347  0.004568  0.001411  0.002000     3.238
   0.75302  0.25820  0.10195  1.32449  0.004075  0.001340  0.003261     3.041
   0.76841  0.24291  0.10027  1.33461  0.003714  0.001274  0.004383     2.916
   0.78386  0.22758  0.09831  1.34345  0.003447  0.001213  0.005283     2.841
   0.79934  0.21226  0.09610  1.35184  0.003198  0.001153  0.006277     2.773
   0.81467  0.19713  0.09366  1.35938  0.002970  0.001095  0.007346     2.712
   0.82983  0.18221  0.09095  1.36515  0.002791  0.001042  0.008178     2.679
   0.84493  0.16741  0.08797  1.36988  0.002637  0.000991  0.008878     2.661
   0.85995  0.15275  0.08473  1.37431  0.002484  0.000940  0.009661     2.643
   0.87475  0.13836  0.08125  1.37845  0.002325  0.000888  0.010626     2.620
   0.88915  0.12444  0.07757  1.38218  0.002152  0.000834  0.012041     2.581
   0.90314  0.11101  0.07364  1.38317  0.002017  0.000785  0.013035     2.568
   0.91683  0.09797  0.06946  1.38270  0.001914  0.000739  0.013420     2.589
   0.92993  0.08560  0.06517  1.38465  0.001756  0.000686  0.015141     2.560
   0.94206  0.07425  0.06087  1.38478  0.001582  0.000633  0.017972     2.498
   0.95332  0.06387  0.05649  1.37778  0.001493  0.000593  0.018583     2.516
   0.96371  0.05444  0.05215  1.37231  0.001404  0.000552  0.019119     2.543
   0.97301  0.04611  0.04801  1.36967  0.001287  0.000507  0.020925     2.538
   0.98119  0.03891  0.04412  1.36644  0.001159  0.000463  0.024079     2.503
   0.98837  0.03273  0.04046  1.35879  0.001055  0.000425  0.026922     2.481
   0.99470  0.02743  0.03701  1.34788  0.000957  0.000390  0.030380     2.451
   1.00030  0.02288  0.03375  1.33220  0.000879  0.000360  0.033032     2.440
   1.00527  0.01898  0.03066  1.31395  0.000804  0.000332  0.036396     2.420
   1.00973  0.01561  0.02774  1.29112  0.000735  0.000307  0.040058     2.396
   1.01375  0.01272  0.02495  1.26274  0.000676  0.000284  0.043282     2.380
   1.01739  0.01024  0.02228  1.22932  0.000623  0.000264  0.046407     2.364
   1.02073  0.00811  0.01971  1.18941  0.000570  0.000245  0.050788     2.330
   1.02380  0.00630  0.01724  1.14102  0.000539  0.000230  0.050830     2.344
   1.02664  0.00476  0.01485  1.08931  0.000488  0.000213  0.056249     2.292
   1.02926  0.00350  0.01255  1.02386  0.000466  0.000203  0.055133     2.297
   1.03171  0.00246  0.01033  0.95369  0.000433  0.000192  0.057438     2.254
   1.03400  0.00163  0.00819  0.87389  0.000425  0.000187  0.052794     2.272
   1.03618  0.00098  0.00612  0.79771  0.000406  0.000178  0.049978     2.281
   1.03826  0.00048  0.00410  0.71754  0.000380  0.000167  0.048370     2.274
   1.04024  0.00015  0.00214  0.63043  0.000354  0.000154  0.044762     2.296
   1.04215  0.00001  0.00024  0.52302  0.000316  0.000143  0.044708     2.214
   1.04400  0.00012 -0.00161  0.39961  0.000309  0.000134  0.032184     2.305
   1.04587  0.00052 -0.00343  0.25016  0.000263  0.000119  0.025902     2.205
   1.04780  0.00123 -0.00524  0.07749  0.000319  0.000143  0.006473     2.230
   1.04986  0.00223 -0.00703 -0.06439  0.000319  0.000143  0.005386     2.230
   1.05205  0.00354 -0.00879 -0.19771  0.000351  0.000156  0.014835     2.245
   1.05438  0.00514 -0.01048 -0.31652  0.000376  0.000168  0.022234     2.242
   1.05689  0.00705 -0.01212 -0.40787  0.000442  0.000192  0.023022     2.302
   1.05960  0.00924 -0.01371 -0.47696  0.000499  0.000218  0.024150     2.288
   1.06254  0.01171 -0.01530 -0.54007  0.000542  0.000238  0.025297     2.283
   1.06576  0.01450 -0.01689 -0.59609  0.000594  0.000258  0.025101     2.300
   1.06931  0.01766 -0.01852 -0.64346  0.000656  0.000283  0.024051     2.320
   1.07328  0.02125 -0.02021 -0.68532  0.000718  0.000309  0.023285     2.326
   1.07773  0.02534 -0.02197 -0.72754  0.000764  0.000331  0.023586     2.310
   1.08275  0.03002 -0.02380 -0.76918  0.000819  0.000353  0.023148     2.316
   1.08845  0.03539 -0.02569 -0.80525  0.000898  0.000383  0.021476     2.345
   1.09493  0.04158 -0.02763 -0.83865  0.000971  0.000414  0.020630     2.348
   1.10237  0.04875 -0.02960 -0.86865  0.001063  0.000449  0.019187     2.366
   1.11095  0.05710 -0.03158 -0.89190  0.001189  0.000494  0.016954     2.404
   1.12083  0.06678 -0.03358 -0.91151  0.001312  0.000543  0.015516     2.416
   1.13204  0.07781 -0.03556 -0.92911  0.001438  0.000594  0.014353     2.421
   1.14448  0.09010 -0.03747 -0.94488  0.001567  0.000646  0.013331     2.426
   1.15809  0.10359 -0.03926 -0.95693  0.001722  0.000703  0.011994     2.450
   1.17266  0.11806 -0.04096 -0.96854  0.001846  0.000756  0.011414     2.442
   1.18781  0.13314 -0.04249 -0.98002  0.001957  0.000805  0.010997     2.433
   1.20335  0.14862 -0.04385 -0.98945  0.002088  0.000855  0.010301     2.443
   1.21923  0.16445 -0.04503 -0.99796  0.002205  0.000902  0.009818     2.445
   1.23540  0.18059 -0.04604 -1.00435  0.002343  0.000952  0.009140     2.461
   1.25175  0.19691 -0.04691 -1.01124  0.002440  0.000995  0.008929     2.452
   1.26813  0.21328 -0.04763 -1.01764  0.002539  0.001037  0.008661     2.449
   1.28457  0.22971 -0.04819 -1.02305  0.002648  0.001079  0.008298     2.455
   1.30115  0.24629 -0.04860 -1.02763  0.002760  0.001121  0.007932     2.462
   1.31783  0.26296 -0.04890 -1.03168  0.002868  0.001162  0.007619     2.468
   1.33448  0.27961 -0.04908 -1.03639  0.002941  0.001197  0.007544     2.457
   1.35110  0.29624 -0.04912 -1.03993  0.003046  0.001235  0.007248     2.466
   1.36778  0.31291 -0.04903 -1.04304  0.003148  0.001273  0.006985     2.472
   1.38450  0.32963 -0.04882 -1.04599  0.003242  0.001310  0.006781     2.475
   1.40120  0.34633 -0.04849 -1.04863  0.003336  0.001346  0.006583     2.479
   1.41786  0.36298 -0.04803 -1.05068  0.003439  0.001383  0.006343     2.487
   1.43449  0.37961 -0.04745 -1.05229  0.003545  0.001420  0.006100     2.497
   1.45114  0.39623 -0.04673 -1.05336  0.003658  0.001458  0.005838     2.509
   1.46777  0.41285 -0.04588 -1.05384  0.003782  0.001498  0.005554     2.525
   1.48439  0.42943 -0.04489 -1.05374  0.003915  0.001539  0.005254     2.544
   1.50097  0.44597 -0.04378 -1.05298  0.004062  0.001582  0.004929     2.568
   1.51751  0.46247 -0.04253 -1.05143  0.004232  0.001628  0.004559     2.599
   1.53401  0.47892 -0.04112 -1.04899  0.004433  0.001678  0.004137     2.641
   1.55050  0.49532 -0.03957 -1.04561  0.004673  0.001733  0.003661     2.696
   1.56702  0.51176 -0.03785 -1.04111  0.004980  0.001795  0.003099     2.774
   1.58368  0.52831 -0.03597 -1.03583  0.005345  0.001861  0.002517     2.871
   1.60055  0.54506 -0.03395 -1.03015  0.005760  0.001930  0.001966     2.984
   1.61761  0.56199 -0.03181 -1.02443  0.006209  0.002000  0.001481     3.105
   1.63483  0.57906 -0.02959 -1.01888  0.006678  0.002067  0.001077     3.231
   1.65218  0.59626 -0.02732 -1.01357  0.007167  0.002133  0.000741     3.360
   1.66962  0.61355 -0.02500 -1.00860  0.007654  0.002196  0.000479     3.486
   1.68712  0.63090 -0.02268 -1.00396  0.008138  0.002256  0.000275     3.607
   1.70462  0.64824 -0.02037 -0.99964  0.008603  0.002313  0.000124     3.719
   1.72205  0.66552 -0.01809 -0.99562  0.009050  0.002368  0.000010     3.821
   1.73939  0.68272 -0.01585 -0.99186  0.009476  0.002421 -0.000074     3.914
   1.75663  0.69982 -0.01367 -0.98833  0.009861  0.002472 -0.000131     3.989
   1.77378  0.71684 -0.01156 -0.98499  0.010202  0.002522 -0.000167     4.046
   1.79085  0.73379 -0.00953 -0.98182  0.010490  0.002570 -0.000186     4.082
   1.80784  0.75067 -0.00760 -0.97880  0.010724  0.002617 -0.000191     4.098
   1.82474  0.76746 -0.00576 -0.97590  0.010895  0.002663 -0.000183     4.091
   1.84154  0.78418 -0.00404 -0.97311  0.010998  0.002708 -0.000162     4.061
   1.85823  0.80079 -0.00245 -0.97042  0.011028  0.002752 -0.000127     4.007
   1.87481  0.81731 -0.00100 -0.96785  0.010977  0.002795 -0.000072     3.927
   1.89126  0.83371  0.00030 -0.96542  0.010836  0.002837  0.000009     3.820
   1.90759  0.85000  0.00143 -0.96318  0.010604  0.002875  0.000125     3.688
   1.92381  0.86619  0.00238 -0.96127  0.010280  0.002909  0.000287     3.533
   1.93987  0.88223  0.00314 -0.95988  0.009872  0.002936  0.000506     3.363
   1.95573  0.89808  0.00370 -0.95932  0.009381  0.002951  0.000800     3.179
   1.97131  0.91366  0.00404 -0.96000  0.008813  0.002948  0.001187     2.989
   1.98653  0.92887  0.00415 -0.96254  0.008165  0.002922  0.001702     2.794
   2.00124  0.94358  0.00401 -0.96770  0.007452  0.002866  0.002379     2.600
   2.01526  0.95760  0.00361 -0.97643  0.006688  0.002772  0.003273     2.412
   2.02837  0.97069  0.00296 -0.99015  0.005878  0.002636  0.004492     2.230
   2.04040  0.98268  0.00205 -1.01090  0.005034  0.002449  0.006216     2.055
   2.05125  0.99348  0.00090 -1.04329  0.004133  0.002198  0.008922     1.881
   2.05783  1.00000  0.00000 -1.03046  0.004649  0.002333  0.007206     1.993
   2.05783  1.00010 -0.00002  1.03046  0.112331  0.020542  0.000000     5.468
   2.06446  1.00660 -0.00132  1.02698  0.107815  0.021056  0.000000     5.120
   2.07221  1.01424 -0.00259  1.02314  0.105632  0.021616  0.000000     4.887
   2.08127  1.02321 -0.00390  1.01853  0.103428  0.022285  0.000000     4.641
   2.09186  1.03370 -0.00527  1.01296  0.101075  0.023095  0.000000     4.376
   2.10423  1.04599 -0.00672  1.00611  0.098446  0.024093  0.000000     4.086
   2.11869  1.06037 -0.00825  0.99751  0.095464  0.025350  0.000000     3.766
   2.13560  1.07720 -0.00986  0.98664  0.092071  0.026950  0.000000     3.416
   2.15535  1.09689 -0.01153  0.97581  0.088053  0.028558  0.000000     3.083
   2.17845  1.11992 -0.01325  0.96600  0.083366  0.030016  0.000000     2.777
   2.20544  1.14685 -0.01501  0.95727  0.078074  0.031306  0.000000     2.494
   2.23698  1.17835 -0.01677  0.95035  0.072282  0.032314  0.000000     2.237
   2.27386  1.21518 -0.01850  0.94589  0.066180  0.032945  0.000000     2.009
   2.31695  1.25824 -0.02014  0.94438  0.060044  0.033152  0.000000     1.811
   2.36732  1.30859 -0.02161  0.94587  0.054186  0.032959  0.000000     1.644
   2.42619  1.36745 -0.02284  0.94990  0.048888  0.032461  0.000000     1.506
   2.49501  1.43626 -0.02371  0.95563  0.044328  0.031795  0.000000     1.394
   2.57543  1.51668 -0.02408  0.96207  0.040562  0.031088  0.000000     1.305
   2.66944  1.61068 -0.02378  0.96840  0.037539  0.030429  0.000000     1.234
   2.77931  1.72055 -0.02261  0.97416  0.035156  0.029856  0.000000     1.178
   2.90773  1.84895 -0.02033  0.97916  0.033303  0.029378  0.000000     1.134
   3.05782  1.99900 -0.01663  0.98705  0.031480  0.028652  0.000000     1.099
