#    s        x        y     Ue/Vinf    Dstar     Theta      Cf       H
   0.00000  1.00000  0.00000  1.00066  0.083415  0.011062 -0.000095     7.541
   0.00668  0.99360  0.00192  1.00323  0.079760  0.010796 -0.000098     7.388
   0.01807  0.98272  0.00530  1.00840  0.076913  0.010286 -0.000104     7.477
   0.03106  0.97032  0.00914  1.01476  0.073995  0.009687 -0.000110     7.638
   0.04516  0.95680  0.01317  1.02226  0.071177  0.009016 -0.000118     7.895
   0.06006  0.94246  0.01720  1.03091  0.068530  0.008282 -0.000128     8.275
   0.07565  0.92739  0.02118  1.04085  0.066058  0.007486 -0.000142     8.824
   0.09186  0.91167  0.02516  1.05227  0.063694  0.006624 -0.000160     9.615
   0.10852  0.89549  0.02915  1.06559  0.061345  0.005682 -0.000186    10.796
   0.12544  0.87905  0.03313  1.08129  0.058973  0.004650 -0.000226    12.683
   0.14250  0.86245  0.03708  1.10052  0.056496  0.003480 -0.000266    16.234
   0.15964  0.84577  0.04099  1.12542  0.053772  0.002090 -0.000506    25.724
   0.17681  0.82904  0.04484  1.12553  0.051898  0.002088 -0.000507    24.854
   0.19398  0.81229  0.04864  1.12560  0.049850  0.002088 -0.000508    23.875
   0.21115  0.79553  0.05238  1.12565  0.047683  0.002089 -0.000508    22.825
   0.22833  0.77875  0.05606  1.12568  0.045422  0.002091 -0.000509    21.719
   0.24546  0.76200  0.05967  1.12569  0.043084  0.002094 -0.000509    20.570
   0.26249  0.74535  0.06319  1.12568  0.040711  0.002098 -0.000509    19.404
   0.27941  0.72877  0.06660  1.12568  0.038332  0.002102 -0.000510    18.240
   0.29629  0.71222  0.06990  1.12568  0.035966  0.002105 -0.000511    17.087
   0.31313  0.69568  0.07308  1.12570  0.033612  0.002107 -0.000512    15.949
   0.32994  0.67915  0.07616  1.12575  0.031292  0.002109 -0.000514    14.836
   0.34670  0.66266  0.07911  1.12584  0.029004  0.002110 -0.000516    13.746
   0.36339  0.64620  0.08193  1.12599  0.026772  0.002109 -0.000520    12.694
   0.38005  0.62976  0.08462  1.12623  0.024610  0.002106 -0.000525    11.685
   0.39672  0.61329  0.08718  1.12658  0.022516  0.002101 -0.000531    10.717
   0.41338  0.59681  0.08962  1.12708  0.020495  0.002093 -0.000540     9.791
   0.42997  0.58038  0.09191  1.12777  0.018551  0.002082 -0.000551     8.909
   0.44649  0.56400  0.09406  1.12872  0.016718  0.002067 -0.000566     8.086
   0.46301  0.54760  0.09605  1.13002  0.014996  0.002048 -0.000586     7.322
   0.47954  0.53117  0.09790  1.13176  0.013385  0.002024 -0.000614     6.613
   0.49603  0.51477  0.09961  1.13405  0.011874  0.001995 -0.000650     5.953
   0.51242  0.49845  0.10115  1.13703  0.010505  0.001959 -0.000677     5.363
   0.52875  0.48218  0.10252  1.14088  0.009286  0.001917 -0.000659     4.845
   0.54509  0.46588  0.10371  1.14568  0.008211  0.001868 -0.000529     4.396
   0.56144  0.44957  0.10475  1.15137  0.007261  0.001814 -0.000223     4.003
   0.57774  0.43329  0.10561  1.15799  0.006440  0.001754  0.000279     3.671
   0.59394  0.41711  0.10630  1.16560  0.005748  0.001688  0.000944     3.405
   0.61007  0.40098  0.10679  1.17379  0.005190  0.001619  0.001681     3.206
   0.62617  0.38489  0.10708  1.18221  0.004719  0.001549  0.002490     3.047
   0.64227  0.36879  0.10718  1.19022  0.004345  0.001482  0.003257     2.933
   0.65836  0.35270  0.10708  1.19786  0.004014  0.001416  0.004076     2.836
   0.67432  0.33674  0.10680  1.20484  0.003719  0.001352  0.004957     2.750
   0.69010  0.32097  0.10629  1.21068  0.003465  0.001293  0.005832     2.680
   0.70583  0.30526  0.10554  1.21475  0.003272  0.001240  0.006517     2.638
   0.72167  0.28945  0.10454  1.21729  0.003124  0.001192  0.006985     2.620
   0.73747  0.27369  0.10335  1.22039  0.002930  0.001139  0.007888     2.572
   0.75302  0.25820  0.10195  1.22202  0.002747  0.001089  0.008885     2.523
   0.76841  0.24291  0.10027  1.22089  0.002613  0.001046  0.009575     2.499
   0.78386  0.22758  0.09831  1.21776  0.002512  0.001007  0.009973     2.496
   0.79934  0.21226  0.09610  1.21460  0.002388  0.000964  0.010671     2.477
   0.81467  0.19713  0.09366  1.20997  0.002270  0.000923  0.011390     2.460
   0.82983  0.18221  0.09095  1.20367  0.002158  0.000883  0.012103     2.445
   0.84493  0.16741  0.08797  1.19522  0.002068  0.000845  0.012505     2.448
   0.85995  0.15275  0.08473  1.18635  0.001966  0.000804  0.013100     2.444
   0.87475  0.13836  0.08125  1.17635  0.001862  0.000763  0.013771     2.441
   0.88915  0.12444  0.07757  1.16539  0.001727  0.000717  0.015203     2.408
   0.90314  0.11101  0.07364  1.14935  0.001630  0.000678  0.015980     2.402
   0.91683  0.09797  0.06946  1.13106  0.001556  0.000641  0.016050     2.428
   0.92993  0.08560  0.06517  1.11443  0.001431  0.000594  0.017529     2.409
   0.94206  0.07425  0.06087  1.09314  0.001298  0.000549  0.019857     2.362
   0.95332  0.06387  0.05649  1.06325  0.001217  0.000516  0.020636     2.360
   0.96371  0.05444  0.05215  1.03232  0.001152  0.000483  0.020605     2.387
   0.97301  0.04611  0.04801  1.00392  0.001052  0.000443  0.022218     2.375
   0.98119  0.03891  0.04412  0.97153  0.000958  0.000407  0.024064     2.355
   0.98837  0.03273  0.04046  0.93437  0.000881  0.000375  0.025376     2.346
   0.99470  0.02743  0.03701  0.89407  0.000810  0.000346  0.026601     2.339
   1.00030  0.02288  0.03375  0.84988  0.000741  0.000319  0.028013     2.325
   1.00527  0.01898  0.03066  0.79909  0.000677  0.000294  0.029604     2.298
   1.00973  0.01561  0.02774  0.74202  0.000635  0.000275  0.029048     2.307
   1.01375  0.01272  0.02495  0.68040  0.000578  0.000255  0.030427     2.264
   1.01739  0.01024  0.02228  0.61413  0.000557  0.000239  0.026951     2.325
   1.02073  0.00811  0.01971  0.54208  0.000484  0.000218  0.030203     2.218
   1.02380  0.00630  0.01724  0.45556  0.000488  0.000212  0.023397     2.298
   1.02664  0.00476  0.01485  0.37160  0.000430  0.000193  0.023159     2.224
   1.02926  0.00350  0.01255  0.27317  0.000426  0.000189  0.016722     2.253
   1.03171  0.00246  0.01033  0.17569  0.000390  0.000174  0.011907     2.241
   1.03400  0.00163  0.00819  0.06519  0.000367  0.000164  0.004743     2.230
   1.03618  0.00098  0.00612 -0.04848  0.000367  0.000164  0.003527     2.230
   1.03826  0.00048  0.00410 -0.16409  0.000350  0.000157  0.012586     2.223
   1.04024  0.00015  0.00214 -0.30404  0.000305  0.000139  0.027247     2.200
   1.04215  0.00001  0.00024 -0.47219  0.000280  0.000126  0.045700     2.214
   1.04400  0.00012 -0.00161 -0.62658  0.000294  0.000130  0.055417     2.259
   1.04587  0.00052 -0.00343 -0.78752  0.000282  0.000128  0.076351     2.203
   1.04780  0.00123 -0.00524 -0.91247  0.000328  0.000141  0.067474     2.332
   1.04986  0.00223 -0.00703 -1.01191  0.000350  0.000154  0.073698     2.279
   1.05205  0.00354 -0.00879 -1.08933  0.000401  0.000171  0.064826     2.349
   1.05438  0.00514 -0.01048 -1.14396  0.000451  0.000191  0.059642     2.365
   1.05689  0.00705 -0.01212 -1.17188  0.000537  0.000219  0.046712     2.458
   1.05960  0.00924 -0.01371 -1.18245  0.000629  0.000250  0.037920     2.514
   1.06254  0.01171 -0.01530 -1.19128  0.000699  0.000279  0.034885     2.501
   1.06576  0.01450 -0.01689 -1.20214  0.000758  0.000306  0.033280     2.478
   1.06931  0.01766 -0.01852 -1.20481  0.000864  0.000340  0.027164     2.546
   1.07328  0.02125 -0.02021 -1.21167  0.000918  0.000367  0.026996     2.501
   1.07773  0.02534 -0.02197 -1.21814  0.000994  0.000397  0.025046     2.502
   1.08275  0.03002 -0.02380 -1.22522  0.001066  0.000428  0.023675     2.494
   1.08845  0.03539 -0.02569 -1.23179  0.001149  0.000460  0.022028     2.497
   1.09493  0.04158 -0.02763 -1.23677  0.001246  0.000496  0.020074     2.512
   1.10237  0.04875 -0.02960 -1.23854  0.001370  0.000538  0.017636     2.545
   1.11095  0.05710 -0.03158 -1.23488  0.001542  0.000591  0.014528     2.609
   1.12083  0.06678 -0.03358 -1.22868  0.001721  0.000649  0.012321     2.652
   1.13204  0.07781 -0.03556 -1.22292  0.001879  0.000708  0.011183     2.656
   1.14448  0.09010 -0.03747 -1.21544  0.002076  0.000772  0.009677     2.688
   1.15809  0.10359 -0.03926 -1.20805  0.002264  0.000838  0.008679     2.701
   1.17266  0.11806 -0.04096 -1.20112  0.002445  0.000903  0.007936     2.707
   1.18781  0.13314 -0.04249 -1.19638  0.002578  0.000962  0.007736     2.681
   1.20335  0.14862 -0.04385 -1.19178  0.002735  0.001021  0.007279     2.679
   1.21923  0.16445 -0.04503 -1.18748  0.002890  0.001078  0.006852     2.681
   1.23540  0.18059 -0.04604 -1.18284  0.003062  0.001136  0.006333     2.695
   1.25175  0.19691 -0.04691 -1.17953  0.003186  0.001188  0.006167     2.682
   1.26813  0.21328 -0.04763 -1.17612  0.003328  0.001240  0.005874     2.683
   1.28457  0.22971 -0.04819 -1.17309  0.003459  0.001290  0.005648     2.682
   1.30115  0.24629 -0.04860 -1.16961  0.003614  0.001341  0.005304     2.695
   1.31783  0.26296 -0.04890 -1.16633  0.003758  0.001391  0.005041     2.702
   1.33448  0.27961 -0.04908 -1.16331  0.003891  0.001438  0.004836     2.705
   1.35110  0.29624 -0.04912 -1.16023  0.004030  0.001486  0.004613     2.713
   1.36778  0.31291 -0.04903 -1.15655  0.004203  0.001536  0.004281     2.737
   1.38450  0.32963 -0.04882 -1.15310  0.004357  0.001584  0.004044     2.751
   1.40120  0.34633 -0.04849 -1.14924  0.004537  0.001634  0.003745     2.776
   1.41786  0.36298 -0.04803 -1.14496  0.004744  0.001687  0.003399     2.813
   1.43449  0.37961 -0.04745 -1.14040  0.004969  0.001740  0.003049     2.856
   1.45114  0.39623 -0.04673 -1.13530  0.005242  0.001797  0.002635     2.917
   1.46777  0.41285 -0.04588 -1.12971  0.005573  0.001857  0.002171     3.001
   1.48439  0.42943 -0.04489 -1.12397  0.005944  0.001919  0.001721     3.098
   1.50097  0.44597 -0.04378 -1.11802  0.006399  0.001982  0.001238     3.229
   1.51751  0.46247 -0.04253 -1.11214  0.006953  0.002045  0.000754     3.401
   1.53401  0.47892 -0.04112 -1.10665  0.007614  0.002105  0.000308     3.618
   1.55050  0.49532 -0.03957 -1.10176  0.008421  0.002160 -0.000076     3.899
   1.56702  0.51176 -0.03785 -1.09754  0.009365  0.002209 -0.000349     4.239
   1.58368  0.52831 -0.03597 -1.09383  0.010465  0.002255 -0.000500     4.641
   1.60055  0.54506 -0.03395 -1.09072  0.011680  0.002295 -0.000548     5.088
   1.61761  0.56199 -0.03181 -1.08818  0.012986  0.002331 -0.000544     5.571
   1.63483  0.57906 -0.02959 -1.08612  0.014350  0.002362 -0.000521     6.075
   1.65218  0.59626 -0.02732 -1.08443  0.015752  0.002389 -0.000499     6.593
   1.66962  0.61355 -0.02500 -1.08301  0.017155  0.002413 -0.000481     7.109
   1.68712  0.63090 -0.02268 -1.08181  0.018547  0.002435 -0.000467     7.617
   1.70462  0.64824 -0.02037 -1.08076  0.019900  0.002455 -0.000456     8.107
   1.72205  0.66552 -0.01809 -1.07983  0.021199  0.002473 -0.000447     8.571
   1.73939  0.68272 -0.01585 -1.07899  0.022435  0.002491 -0.000440     9.007
   1.75663  0.69982 -0.01367 -1.07821  0.023587  0.002508 -0.000433     9.405
   1.77378  0.71684 -0.01156 -1.07746  0.024639  0.002525 -0.000428     9.758
   1.79085  0.73379 -0.00953 -1.07673  0.025586  0.002542 -0.000423    10.063
   1.80784  0.75067 -0.00760 -1.07600  0.026415  0.002560 -0.000418    10.317
   1.82474  0.76746 -0.00576 -1.07527  0.027119  0.002579 -0.000414    10.515
   1.84154  0.78418 -0.00404 -1.07452  0.027684  0.002599 -0.000410    10.653
   1.85823  0.80079 -0.00245 -1.07374  0.028099  0.002620 -0.000406    10.726
   1.87481  0.81731 -0.00100 -1.07293  0.028352  0.002642 -0.000402    10.731
   1.89126  0.83371  0.00030 -1.07207  0.028425  0.002666 -0.000399    10.661
   1.90759  0.85000  0.00143 -1.07115  0.028310  0.002692 -0.000395    10.515
   1.92381  0.86619  0.00238 -1.07017  0.027993  0.002721 -0.000392    10.290
   1.93987  0.88223  0.00314 -1.06910  0.027472  0.002751 -0.000388     9.986
   1.95573  0.89808  0.00370 -1.06794  0.026732  0.002784 -0.000386     9.603
   1.97131  0.91366  0.00404 -1.06667  0.025766  0.002819 -0.000383     9.141
   1.98653  0.92887  0.00415 -1.06529  0.024559  0.002856 -0.000382     8.598
   2.00124  0.94358  0.00401 -1.06378  0.023115  0.002896 -0.000382     7.983
   2.01526  0.95760  0.00361 -1.06215  0.021446  0.002936 -0.000385     7.303
   2.02837  0.97069  0.00296 -1.04672  0.019763  0.003329 -0.000234     5.937
   2.04040  0.98268  0.00205 -1.02781  0.018040  0.003804 -0.000183     4.742
   2.05125  0.99348  0.00090 -1.01001  0.016436  0.004246 -0.000021     3.871
   2.05783  1.00000  0.00000 -1.00066  0.017279  0.004484 -0.000011     3.853
   2.05783  1.00010 -0.00002  1.00066  0.100694  0.015546  0.000000     6.477
   2.06446  1.00660 -0.00134  0.99529  0.093728  0.016241  0.000000     5.771
   2.07221  1.01423 -0.00265  0.98919  0.090199  0.017010  0.000000     5.303
   2.08127  1.02318 -0.00404  0.98176  0.086662  0.017941  0.000000     4.830
   2.09186  1.03366 -0.00554  0.97255  0.082961  0.019090  0.000000     4.346
   2.10423  1.04593 -0.00716  0.96078  0.078957  0.020560  0.000000     3.840
   2.11869  1.06029 -0.00892  0.94607  0.074564  0.022409  0.000000     3.327
   2.13560  1.07708 -0.01083  0.93338  0.069482  0.024010  0.000000     2.894
   2.15535  1.09673 -0.01291  0.92268  0.063827  0.025349  0.000000     2.518
   2.17845  1.11971 -0.01516  0.91507  0.057744  0.026280  0.000000     2.197
   2.20544  1.14659 -0.01761  0.91155  0.051492  0.026694  0.000000     1.929
   2.23698  1.17803 -0.02025  0.91269  0.045418  0.026567  0.000000     1.710
   2.27386  1.21479 -0.02310  0.91827  0.039882  0.025988  0.000000     1.535
   2.31695  1.25777 -0.02617  0.92717  0.035150  0.025134  0.000000     1.399
   2.36732  1.30804 -0.02945  0.93772  0.031326  0.024199  0.000000     1.295
   2.42619  1.36681 -0.03295  0.94838  0.028360  0.023326  0.000000     1.216
   2.49501  1.43552 -0.03667  0.95813  0.026116  0.022578  0.000000     1.157
   2.57543  1.51585 -0.04060  0.96655  0.024443  0.021967  0.000000     1.113
   2.66944  1.60976 -0.04474  0.97358  0.023207  0.021480  0.000000     1.080
   2.77931  1.71955 -0.04906  0.97933  0.022301  0.021095  0.000000     1.057
   2.90773  1.84789 -0.05355  0.98395  0.021641  0.020795  0.000000     1.041
   3.05782  1.99791 -0.05819  0.98881  0.021081  0.020487  0.000000     1.029
