BlendedAirfoil                                  
 Alfa =   1.30000 Re =    60000.000 Xflap,Yflap =     0.000000    0.000000
#    x        y        Cp  
   1.00000  0.00000 -0.03165
   0.99360  0.00192 -0.03664
   0.98272  0.00530 -0.04670
   0.97032  0.00914 -0.05908
   0.95680  0.01317 -0.07369
   0.94246  0.01720 -0.09055
   0.92739  0.02118 -0.10985
   0.91167  0.02516 -0.13193
   0.89549  0.02915 -0.15702
   0.87905  0.03313 -0.18543
   0.86245  0.03708 -0.21805
   0.84577  0.04099 -0.25649
   0.82904  0.04484 -0.30344
   0.81229  0.04864 -0.36807
   0.79553  0.05238 -0.37357
   0.77875  0.05606 -0.37386
   0.76200  0.05967 -0.37406
   0.74535  0.06319 -0.37421
   0.72877  0.06660 -0.37433
   0.71222  0.06990 -0.37444
   0.69568  0.07308 -0.37456
   0.67915  0.07616 -0.37471
   0.66266  0.07911 -0.37491
   0.64620  0.08193 -0.37521
   0.62976  0.08462 -0.37564
   0.61329  0.08718 -0.37627
   0.59681  0.08962 -0.37713
   0.58038  0.09191 -0.37831
   0.56400  0.09406 -0.37993
   0.54760  0.09605 -0.38215
   0.53117  0.09790 -0.38511
   0.51477  0.09961 -0.38902
   0.49845  0.10115 -0.39416
   0.48218  0.10252 -0.40089
   0.46588  0.10371 -0.40960
   0.44957  0.10475 -0.42059
   0.43329  0.10561 -0.43392
   0.41711  0.10630 -0.44941
   0.40098  0.10679 -0.46741
   0.38489  0.10708 -0.48760
   0.36879  0.10718 -0.50889
   0.35270  0.10708 -0.53048
   0.33674  0.10680 -0.55155
   0.32097  0.10629 -0.57064
   0.30526  0.10554 -0.58533
   0.28945  0.10454 -0.59738
   0.27369  0.10335 -0.61001
   0.25820  0.10195 -0.61941
   0.24291  0.10027 -0.62289
   0.22758  0.09831 -0.62070
   0.21226  0.09610 -0.61812
   0.19713  0.09366 -0.61376
   0.18221  0.09095 -0.60447
   0.16741  0.08797 -0.58997
   0.15275  0.08473 -0.57730
   0.13836  0.08125 -0.56003
   0.12444  0.07757 -0.54283
   0.11101  0.07364 -0.51379
   0.09797  0.06946 -0.48258
   0.08560  0.06517 -0.45166
   0.07425  0.06087 -0.41702
   0.06387  0.05649 -0.36230
   0.05444  0.05215 -0.30680
   0.04611  0.04801 -0.25902
   0.03891  0.04412 -0.20820
   0.03273  0.04046 -0.14730
   0.02743  0.03701 -0.07839
   0.02288  0.03375 -0.00392
   0.01898  0.03066  0.07472
   0.01561  0.02774  0.16210
   0.01272  0.02495  0.25089
   0.01024  0.02228  0.35059
   0.00811  0.01971  0.44846
   0.00630  0.01724  0.54629
   0.00476  0.01485  0.64424
   0.00350  0.01255  0.73995
   0.00246  0.01033  0.82906
   0.00163  0.00819  0.90207
   0.00098  0.00612  0.94980
   0.00048  0.00410  0.98776
   0.00015  0.00214  0.99898
   0.00001  0.00024  0.97398
   0.00012 -0.00161  0.90894
   0.00052 -0.00343  0.78108
   0.00123 -0.00524  0.64066
   0.00223 -0.00703  0.48340
   0.00354 -0.00879  0.32985
   0.00514 -0.01048  0.20813
   0.00705 -0.01212  0.12930
   0.00924 -0.01371  0.07377
   0.01171 -0.01530  0.02069
   0.01450 -0.01689 -0.02433
   0.01766 -0.01852 -0.06001
   0.02125 -0.02021 -0.09610
   0.02534 -0.02197 -0.13514
   0.03002 -0.02380 -0.17075
   0.03539 -0.02569 -0.20589
   0.04158 -0.02763 -0.23613
   0.04875 -0.02960 -0.25954
   0.05710 -0.03158 -0.26817
   0.06678 -0.03358 -0.27134
   0.07781 -0.03556 -0.27374
   0.09010 -0.03747 -0.27163
   0.10359 -0.03926 -0.26899
   0.11806 -0.04096 -0.26447
   0.13314 -0.04249 -0.26514
   0.14862 -0.04385 -0.26362
   0.16445 -0.04503 -0.26232
   0.18059 -0.04604 -0.25840
   0.19691 -0.04691 -0.25733
   0.21328 -0.04763 -0.25659
   0.22971 -0.04819 -0.25386
   0.24629 -0.04860 -0.25146
   0.26296 -0.04890 -0.24779
   0.27961 -0.04908 -0.24526
   0.29624 -0.04912 -0.24258
   0.31291 -0.04903 -0.23784
   0.32963 -0.04882 -0.23344
   0.34633 -0.04849 -0.22788
   0.36298 -0.04803 -0.22155
   0.37961 -0.04745 -0.21430
   0.39623 -0.04673 -0.20554
   0.41285 -0.04588 -0.19518
   0.42943 -0.04489 -0.18430
   0.44597 -0.04378 -0.17202
   0.46247 -0.04253 -0.15913
   0.47892 -0.04112 -0.14614
   0.49532 -0.03957 -0.13372
   0.51176 -0.03785 -0.12271
   0.52831 -0.03597 -0.11332
   0.54506 -0.03395 -0.10514
   0.56199 -0.03181 -0.09824
   0.57906 -0.02959 -0.09259
   0.59626 -0.02732 -0.08797
   0.61355 -0.02500 -0.08415
   0.63090 -0.02268 -0.08096
   0.64824 -0.02037 -0.07823
   0.66552 -0.01809 -0.07587
   0.68272 -0.01585 -0.07378
   0.69982 -0.01367 -0.07189
   0.71684 -0.01156 -0.07013
   0.73379 -0.00953 -0.06846
   0.75067 -0.00760 -0.06686
   0.76746 -0.00576 -0.06528
   0.78418 -0.00404 -0.06371
   0.80079 -0.00245 -0.06213
   0.81731 -0.00100 -0.06051
   0.83371  0.00030 -0.05882
   0.85000  0.00143 -0.05706
   0.86619  0.00238 -0.05520
   0.88223  0.00314 -0.05323
   0.89808  0.00370 -0.05114
   0.91366  0.00404 -0.04890
   0.92887  0.00415 -0.04651
   0.94358  0.00401 -0.04397
   0.95760  0.00361 -0.04131
   0.97069  0.00296 -0.03857
   0.98268  0.00205 -0.03583
   0.99348  0.00090 -0.03323
   1.00000  0.00000 -0.03165
