#    s        x        y     Ue/Vinf    Dstar     Theta      Cf       H
   0.00000  1.00000  0.00000  1.00874  0.081279  0.011769 -0.000093     6.906
   0.00668  0.99360  0.00192  1.01127  0.077789  0.011512 -0.000096     6.757
   0.01807  0.98272  0.00530  1.01636  0.075055  0.011016 -0.000100     6.813
   0.03106  0.97032  0.00914  1.02260  0.072251  0.010435 -0.000106     6.924
   0.04516  0.95680  0.01317  1.02994  0.069550  0.009784 -0.000113     7.109
   0.06006  0.94246  0.01720  1.03838  0.067028  0.009073 -0.000121     7.388
   0.07565  0.92739  0.02118  1.04802  0.064690  0.008305 -0.000132     7.789
   0.09186  0.91167  0.02516  1.05901  0.062472  0.007478 -0.000146     8.354
   0.10852  0.89549  0.02915  1.07148  0.060297  0.006595 -0.000165     9.143
   0.12544  0.87905  0.03313  1.08580  0.058134  0.005646 -0.000191    10.297
   0.14250  0.86245  0.03708  1.10255  0.055941  0.004613 -0.000234    12.126
   0.15964  0.84577  0.04099  1.12295  0.053642  0.003453 -0.000277    15.535
   0.17681  0.82904  0.04484  1.14918  0.051089  0.002085 -0.000519    24.500
   0.19398  0.81229  0.04864  1.14932  0.049342  0.002082 -0.000520    23.700
   0.21115  0.79553  0.05238  1.14942  0.047411  0.002081 -0.000521    22.787
   0.22833  0.77875  0.05606  1.14949  0.045344  0.002081 -0.000522    21.790
   0.24546  0.76200  0.05967  1.14954  0.043173  0.002083 -0.000522    20.731
   0.26249  0.74535  0.06319  1.14956  0.040942  0.002085 -0.000523    19.638
   0.27941  0.72877  0.06660  1.14958  0.038685  0.002087 -0.000524    18.533
   0.29629  0.71222  0.06990  1.14961  0.036425  0.002090 -0.000525    17.430
   0.31313  0.69568  0.07308  1.14965  0.034160  0.002092 -0.000526    16.330
   0.32994  0.67915  0.07616  1.14971  0.031919  0.002093 -0.000528    15.249
   0.34670  0.66266  0.07911  1.14980  0.029693  0.002094 -0.000530    14.181
   0.36339  0.64620  0.08193  1.14994  0.027512  0.002093 -0.000533    13.143
   0.38005  0.62976  0.08462  1.15015  0.025389  0.002091 -0.000538    12.143
   0.39672  0.61329  0.08718  1.15047  0.023327  0.002086 -0.000544    11.180
   0.41338  0.59681  0.08962  1.15091  0.021317  0.002080 -0.000551    10.250
   0.42997  0.58038  0.09191  1.15151  0.019379  0.002070 -0.000561     9.360
   0.44649  0.56400  0.09406  1.15234  0.017538  0.002058 -0.000574     8.523
   0.46301  0.54760  0.09605  1.15348  0.015800  0.002041 -0.000592     7.742
   0.47954  0.53117  0.09790  1.15499  0.014155  0.002020 -0.000615     7.009
   0.49603  0.51477  0.09961  1.15698  0.012614  0.001994 -0.000647     6.327
   0.51242  0.49845  0.10115  1.15958  0.011187  0.001962 -0.000685     5.702
   0.52875  0.48218  0.10252  1.16297  0.009914  0.001924 -0.000700     5.152
   0.54509  0.46588  0.10371  1.16726  0.008779  0.001880 -0.000648     4.670
   0.56144  0.44957  0.10475  1.17253  0.007763  0.001829 -0.000453     4.243
   0.57774  0.43329  0.10561  1.17864  0.006872  0.001774 -0.000062     3.873
   0.59394  0.41711  0.10630  1.18575  0.006117  0.001713  0.000513     3.571
   0.61007  0.40098  0.10679  1.19371  0.005497  0.001647  0.001204     3.338
   0.62617  0.38489  0.10708  1.20227  0.004965  0.001578  0.002017     3.147
   0.64227  0.36879  0.10718  1.21065  0.004551  0.001510  0.002789     3.014
   0.65836  0.35270  0.10708  1.21891  0.004182  0.001443  0.003644     2.899
   0.67432  0.33674  0.10680  1.22659  0.003860  0.001378  0.004546     2.801
   0.69010  0.32097  0.10629  1.23328  0.003585  0.001317  0.005454     2.722
   0.70583  0.30526  0.10554  1.23817  0.003381  0.001263  0.006140     2.676
   0.72167  0.28945  0.10454  1.24182  0.003217  0.001213  0.006669     2.651
   0.73747  0.27369  0.10335  1.24594  0.003009  0.001159  0.007620     2.597
   0.75302  0.25820  0.10195  1.24843  0.002824  0.001108  0.008590     2.549
   0.76841  0.24291  0.10027  1.24860  0.002678  0.001063  0.009356     2.519
   0.78386  0.22758  0.09831  1.24656  0.002572  0.001023  0.009777     2.514
   0.79934  0.21226  0.09610  1.24456  0.002443  0.000980  0.010513     2.493
   0.81467  0.19713  0.09366  1.24088  0.002329  0.000939  0.011132     2.481
   0.82983  0.18221  0.09095  1.23634  0.002207  0.000897  0.011957     2.461
   0.84493  0.16741  0.08797  1.22926  0.002117  0.000859  0.012338     2.465
   0.85995  0.15275  0.08473  1.22216  0.002007  0.000817  0.013055     2.456
   0.87475  0.13836  0.08125  1.21343  0.001909  0.000776  0.013594     2.459
   0.88915  0.12444  0.07757  1.20476  0.001767  0.000729  0.015139     2.422
   0.90314  0.11101  0.07364  1.19084  0.001673  0.000690  0.015790     2.423
   0.91683  0.09797  0.06946  1.17562  0.001580  0.000650  0.016375     2.431
   0.92993  0.08560  0.06517  1.16008  0.001473  0.000606  0.017352     2.430
   0.94206  0.07425  0.06087  1.14276  0.001328  0.000559  0.020028     2.375
   0.95332  0.06387  0.05649  1.11620  0.001249  0.000525  0.020696     2.380
   0.96371  0.05444  0.05215  1.08931  0.001173  0.000490  0.021180     2.395
   0.97301  0.04611  0.04801  1.06365  0.001081  0.000452  0.022462     2.394
   0.98119  0.03891  0.04412  1.03636  0.000986  0.000414  0.024340     2.380
   0.98837  0.03273  0.04046  1.00489  0.000897  0.000380  0.026458     2.360
   0.99470  0.02743  0.03701  0.96803  0.000822  0.000351  0.028280     2.343
   1.00030  0.02288  0.03375  0.92631  0.000757  0.000325  0.029727     2.331
   1.00527  0.01898  0.03066  0.88037  0.000699  0.000301  0.030834     2.323
   1.00973  0.01561  0.02774  0.83014  0.000645  0.000279  0.031849     2.312
   1.01375  0.01272  0.02495  0.77343  0.000593  0.000259  0.033024     2.287
   1.01739  0.01024  0.02228  0.71063  0.000559  0.000243  0.031813     2.299
   1.02073  0.00811  0.01971  0.64498  0.000513  0.000225  0.031962     2.283
   1.02380  0.00630  0.01724  0.56881  0.000474  0.000209  0.031077     2.263
   1.02664  0.00476  0.01485  0.48253  0.000447  0.000199  0.028390     2.245
   1.02926  0.00350  0.01255  0.39184  0.000430  0.000191  0.023849     2.250
   1.03171  0.00246  0.01033  0.30157  0.000394  0.000173  0.019425     2.283
   1.03400  0.00163  0.00819  0.19149  0.000352  0.000160  0.014755     2.209
   1.03618  0.00098  0.00612  0.07715  0.000396  0.000178  0.005186     2.230
   1.03826  0.00048  0.00410 -0.01581  0.000396  0.000178  0.001072     2.230
   1.04024  0.00015  0.00214 -0.16268  0.000267  0.000120  0.016420     2.219
   1.04215  0.00001  0.00024 -0.31559  0.000309  0.000135  0.025755     2.292
   1.04400  0.00012 -0.00161 -0.46402  0.000287  0.000132  0.045036     2.179
   1.04587  0.00052 -0.00343 -0.62665  0.000289  0.000129  0.056910     2.248
   1.04780  0.00123 -0.00524 -0.75432  0.000322  0.000141  0.059152     2.289
   1.04986  0.00223 -0.00703 -0.86312  0.000348  0.000153  0.063544     2.276
   1.05205  0.00354 -0.00879 -0.95492  0.000385  0.000167  0.061726     2.306
   1.05438  0.00514 -0.01048 -1.01459  0.000448  0.000189  0.052734     2.374
   1.05689  0.00705 -0.01212 -1.05109  0.000519  0.000215  0.045458     2.411
   1.05960  0.00924 -0.01371 -1.07167  0.000604  0.000245  0.037850     2.461
   1.06254  0.01171 -0.01530 -1.08810  0.000671  0.000274  0.034826     2.454
   1.06576  0.01450 -0.01689 -1.10363  0.000736  0.000300  0.032411     2.449
   1.06931  0.01766 -0.01852 -1.11657  0.000809  0.000329  0.029460     2.461
   1.07328  0.02125 -0.02021 -1.12795  0.000882  0.000358  0.027136     2.466
   1.07773  0.02534 -0.02197 -1.14020  0.000947  0.000386  0.025894     2.454
   1.08275  0.03002 -0.02380 -1.15311  0.001013  0.000414  0.024682     2.446
   1.08845  0.03539 -0.02569 -1.16367  0.001100  0.000447  0.022495     2.464
   1.09493  0.04158 -0.02763 -1.17360  0.001186  0.000481  0.020955     2.468
   1.10237  0.04875 -0.02960 -1.17942  0.001308  0.000522  0.018365     2.505
   1.11095  0.05710 -0.03158 -1.17944  0.001472  0.000574  0.015280     2.565
   1.12083  0.06678 -0.03358 -1.17669  0.001641  0.000631  0.013125     2.602
   1.13204  0.07781 -0.03556 -1.17470  0.001784  0.000687  0.012126     2.596
   1.14448  0.09010 -0.03747 -1.17081  0.001965  0.000749  0.010640     2.623
   1.15809  0.10359 -0.03926 -1.16602  0.002152  0.000814  0.009446     2.643
   1.17266  0.11806 -0.04096 -1.16184  0.002319  0.000877  0.008733     2.644
   1.18781  0.13314 -0.04249 -1.15946  0.002449  0.000934  0.008467     2.622
   1.20335  0.14862 -0.04385 -1.15703  0.002597  0.000991  0.007973     2.621
   1.21923  0.16445 -0.04503 -1.15466  0.002746  0.001047  0.007507     2.623
   1.23540  0.18059 -0.04604 -1.15146  0.002917  0.001104  0.006896     2.642
   1.25175  0.19691 -0.04691 -1.14975  0.003031  0.001154  0.006745     2.626
   1.26813  0.21328 -0.04763 -1.14748  0.003175  0.001206  0.006376     2.633
   1.28457  0.22971 -0.04819 -1.14562  0.003301  0.001254  0.006132     2.632
   1.30115  0.24629 -0.04860 -1.14289  0.003460  0.001306  0.005711     2.650
   1.31783  0.26296 -0.04890 -1.14075  0.003587  0.001353  0.005494     2.651
   1.33448  0.27961 -0.04908 -1.13871  0.003711  0.001399  0.005291     2.653
   1.35110  0.29624 -0.04912 -1.13629  0.003853  0.001446  0.005018     2.664
   1.36778  0.31291 -0.04903 -1.13359  0.004004  0.001494  0.004725     2.680
   1.38450  0.32963 -0.04882 -1.13071  0.004159  0.001542  0.004445     2.697
   1.40120  0.34633 -0.04849 -1.12760  0.004322  0.001591  0.004159     2.717
   1.41786  0.36298 -0.04803 -1.12391  0.004515  0.001642  0.003808     2.750
   1.43449  0.37961 -0.04745 -1.11993  0.004720  0.001694  0.003462     2.786
   1.45114  0.39623 -0.04673 -1.11532  0.004969  0.001750  0.003050     2.839
   1.46777  0.41285 -0.04588 -1.11012  0.005267  0.001809  0.002587     2.911
   1.48439  0.42943 -0.04489 -1.10465  0.005599  0.001870  0.002135     2.994
   1.50097  0.44597 -0.04378 -1.09869  0.006023  0.001935  0.001617     3.113
   1.51751  0.46247 -0.04253 -1.09268  0.006525  0.002000  0.001106     3.262
   1.53401  0.47892 -0.04112 -1.08683  0.007138  0.002065  0.000607     3.457
   1.55050  0.49532 -0.03957 -1.08149  0.007885  0.002125  0.000157     3.711
   1.56702  0.51176 -0.03785 -1.07685  0.008784  0.002179 -0.000199     4.031
   1.58368  0.52831 -0.03597 -1.07282  0.009843  0.002228 -0.000425     4.418
   1.60055  0.54506 -0.03395 -1.06936  0.011017  0.002273 -0.000522     4.847
   1.61761  0.56199 -0.03181 -1.06650  0.012286  0.002312 -0.000538     5.314
   1.63483  0.57906 -0.02959 -1.06418  0.013629  0.002346 -0.000523     5.808
   1.65218  0.59626 -0.02732 -1.06228  0.015010  0.002377 -0.000499     6.316
   1.66962  0.61355 -0.02500 -1.06070  0.016410  0.002403 -0.000479     6.829
   1.68712  0.63090 -0.02268 -1.05938  0.017807  0.002427 -0.000464     7.337
   1.70462  0.64824 -0.02037 -1.05824  0.019170  0.002449 -0.000451     7.829
   1.72205  0.66552 -0.01809 -1.05724  0.020495  0.002468 -0.000442     8.302
   1.73939  0.68272 -0.01585 -1.05634  0.021765  0.002487 -0.000433     8.751
   1.75663  0.69982 -0.01367 -1.05552  0.022957  0.002505 -0.000427     9.164
   1.77378  0.71684 -0.01156 -1.05475  0.024063  0.002523 -0.000421     9.538
   1.79085  0.73379 -0.00953 -1.05400  0.025070  0.002540 -0.000415     9.868
   1.80784  0.75067 -0.00760 -1.05328  0.025975  0.002558 -0.000411    10.153
   1.82474  0.76746 -0.00576 -1.05255  0.026760  0.002577 -0.000406    10.384
   1.84154  0.78418 -0.00404 -1.05182  0.027420  0.002596 -0.000402    10.561
   1.85823  0.80079 -0.00245 -1.05107  0.027939  0.002617 -0.000398    10.677
   1.87481  0.81731 -0.00100 -1.05030  0.028310  0.002638 -0.000394    10.730
   1.89126  0.83371  0.00030 -1.04948  0.028512  0.002662 -0.000391    10.712
   1.90759  0.85000  0.00143 -1.04862  0.028540  0.002686 -0.000387    10.624
   1.92381  0.86619  0.00238 -1.04770  0.028380  0.002713 -0.000384    10.460
   1.93987  0.88223  0.00314 -1.04672  0.028033  0.002742 -0.000380    10.224
   1.95573  0.89808  0.00370 -1.04567  0.027487  0.002773 -0.000377     9.913
   1.97131  0.91366  0.00404 -1.04453  0.026735  0.002806 -0.000375     9.528
   1.98653  0.92887  0.00415 -1.04330  0.025767  0.002841 -0.000372     9.071
   2.00124  0.94358  0.00401 -1.04198  0.024594  0.002877 -0.000371     8.547
   2.01526  0.95760  0.00361 -1.04057  0.023241  0.002915 -0.000371     7.972
   2.02837  0.97069  0.00296 -1.03910  0.021741  0.002953 -0.000373     7.363
   2.04040  0.98268  0.00205 -1.03220  0.020242  0.003132 -0.000231     6.463
   2.05125  0.99348  0.00090 -1.01693  0.018926  0.003523 -0.000211     5.372
   2.05783  1.00000  0.00000 -1.00874  0.019827  0.003737 -0.000206     5.305
   2.05783  1.00010 -0.00002  1.00874  0.101106  0.015506  0.000000     6.520
   2.06446  1.00660 -0.00133  1.00348  0.094520  0.016184  0.000000     5.841
   2.07221  1.01423 -0.00264  0.99752  0.091210  0.016934  0.000000     5.386
   2.08127  1.02319 -0.00403  0.99029  0.087884  0.017839  0.000000     4.926
   2.09186  1.03367 -0.00551  0.98138  0.084385  0.018951  0.000000     4.453
   2.10423  1.04594 -0.00712  0.97010  0.080573  0.020360  0.000000     3.957
   2.11869  1.06029 -0.00886  0.95555  0.076385  0.022191  0.000000     3.442
   2.13560  1.07709 -0.01074  0.94190  0.071539  0.023920  0.000000     2.991
   2.15535  1.09674 -0.01278  0.93030  0.066058  0.025384  0.000000     2.602
   2.17845  1.11973 -0.01499  0.92151  0.060086  0.026476  0.000000     2.269
   2.20544  1.14662 -0.01737  0.91657  0.053857  0.027071  0.000000     1.989
   2.23698  1.17806 -0.01994  0.91616  0.047705  0.027118  0.000000     1.759
   2.27386  1.21483 -0.02268  0.92027  0.041998  0.026676  0.000000     1.574
   2.31695  1.25782 -0.02562  0.92800  0.037038  0.025906  0.000000     1.430
   2.36732  1.30810 -0.02873  0.93780  0.032972  0.025005  0.000000     1.319
   2.42619  1.36688 -0.03203  0.94805  0.029783  0.024130  0.000000     1.234
   2.49501  1.43560 -0.03549  0.95764  0.027354  0.023365  0.000000     1.171
   2.57543  1.51595 -0.03909  0.96603  0.025534  0.022733  0.000000     1.123
   2.66944  1.60988 -0.04282  0.97309  0.024184  0.022224  0.000000     1.088
   2.77931  1.71968 -0.04665  0.97889  0.023193  0.021822  0.000000     1.063
   2.90773  1.84804 -0.05052  0.98356  0.022468  0.021507  0.000000     1.045
   3.05782  1.99809 -0.05439  0.98862  0.021849  0.021175  0.000000     1.032
