#    s        x        y     Ue/Vinf    Dstar     Theta      Cf       H
   0.00000  1.00000  0.00000  1.03264  0.108198  0.016789 -0.000068     6.445
   0.00668  0.99360  0.00192  1.03422  0.105049  0.016576 -0.000070     6.338
   0.01807  0.98272  0.00530  1.03729  0.101963  0.016172 -0.000072     6.305
   0.03106  0.97032  0.00914  1.04097  0.098635  0.015704 -0.000074     6.281
   0.04516  0.95680  0.01317  1.04522  0.095287  0.015185 -0.000077     6.275
   0.06006  0.94246  0.01720  1.04998  0.092037  0.014623 -0.000080     6.294
   0.07565  0.92739  0.02118  1.05529  0.088918  0.014023 -0.000084     6.341
   0.09186  0.91167  0.02516  1.06117  0.085885  0.013386 -0.000088     6.416
   0.10852  0.89549  0.02915  1.06761  0.082892  0.012719 -0.000093     6.517
   0.12544  0.87905  0.03313  1.07458  0.079946  0.012029 -0.000098     6.646
   0.14250  0.86245  0.03708  1.08211  0.077056  0.011319 -0.000104     6.808
   0.15964  0.84577  0.04099  1.09023  0.074222  0.010590 -0.000111     7.009
   0.17681  0.82904  0.04484  1.09900  0.071446  0.009844 -0.000119     7.258
   0.19398  0.81229  0.04864  1.10849  0.068726  0.009079 -0.000129     7.570
   0.21115  0.79553  0.05238  1.11882  0.066061  0.008294 -0.000140     7.965
   0.22833  0.77875  0.05606  1.13012  0.063435  0.007486 -0.000155     8.474
   0.24546  0.76200  0.05967  1.14253  0.060840  0.006653 -0.000174     9.145
   0.26249  0.74535  0.06319  1.15629  0.058286  0.005791 -0.000199    10.065
   0.27941  0.72877  0.06660  1.17210  0.055753  0.004872 -0.000237    11.444
   0.29629  0.71222  0.06990  1.19060  0.053212  0.003878 -0.000297    13.720
   0.31313  0.69568  0.07308  1.21383  0.050552  0.002736 -0.000324    18.479
   0.32994  0.67915  0.07616  1.23382  0.047983  0.001856 -0.000625    25.860
   0.34670  0.66266  0.07911  1.23390  0.045920  0.001855 -0.000626    24.749
   0.36339  0.64620  0.08193  1.23395  0.043732  0.001857 -0.000626    23.551
   0.38005  0.62976  0.08462  1.23398  0.041477  0.001859 -0.000626    22.308
   0.39672  0.61329  0.08718  1.23400  0.039179  0.001862 -0.000627    21.041
   0.41338  0.59681  0.08962  1.23401  0.036844  0.001865 -0.000627    19.755
   0.42997  0.58038  0.09191  1.23402  0.034498  0.001868 -0.000628    18.466
   0.44649  0.56400  0.09406  1.23404  0.032170  0.001871 -0.000630    17.196
   0.46301  0.54760  0.09605  1.23410  0.029875  0.001873 -0.000632    15.953
   0.47954  0.53117  0.09790  1.23420  0.027604  0.001874 -0.000634    14.734
   0.49603  0.51477  0.09961  1.23435  0.025362  0.001873 -0.000638    13.539
   0.51242  0.49845  0.10115  1.23459  0.023181  0.001871 -0.000644    12.387
   0.52875  0.48218  0.10252  1.23497  0.021091  0.001867 -0.000651    11.297
   0.54509  0.46588  0.10371  1.23552  0.019078  0.001860 -0.000662    10.258
   0.56144  0.44957  0.10475  1.23631  0.017140  0.001849 -0.000676     9.268
   0.57774  0.43329  0.10561  1.23741  0.015290  0.001835 -0.000695     8.331
   0.59394  0.41711  0.10630  1.23894  0.013556  0.001817 -0.000721     7.462
   0.61007  0.40098  0.10679  1.24105  0.011955  0.001793 -0.000757     6.668
   0.62617  0.38489  0.10708  1.24391  0.010485  0.001763 -0.000806     5.948
   0.64227  0.36879  0.10718  1.24777  0.009155  0.001726 -0.000842     5.304
   0.65836  0.35270  0.10708  1.25283  0.007963  0.001682 -0.000798     4.735
   0.67432  0.33674  0.10680  1.25921  0.006904  0.001631 -0.000536     4.234
   0.69010  0.32097  0.10629  1.26674  0.006013  0.001575  0.000025     3.819
   0.70583  0.30526  0.10554  1.27563  0.005299  0.001512  0.000820     3.506
   0.72167  0.28945  0.10454  1.28556  0.004734  0.001444  0.001729     3.279
   0.73747  0.27369  0.10335  1.29626  0.004229  0.001373  0.002875     3.081
   0.75302  0.25820  0.10195  1.30688  0.003802  0.001302  0.004167     2.920
   0.76841  0.24291  0.10027  1.31601  0.003489  0.001238  0.005275     2.819
   0.78386  0.22758  0.09831  1.32334  0.003266  0.001181  0.006070     2.766
   0.79934  0.21226  0.09610  1.33055  0.003033  0.001122  0.007119     2.703
   0.81467  0.19713  0.09366  1.33618  0.002840  0.001068  0.008053     2.659
   0.82983  0.18221  0.09095  1.34040  0.002674  0.001017  0.008883     2.630
   0.84493  0.16741  0.08797  1.34330  0.002535  0.000968  0.009511     2.619
   0.85995  0.15275  0.08473  1.34608  0.002389  0.000918  0.010310     2.602
   0.87475  0.13836  0.08125  1.34832  0.002239  0.000867  0.011272     2.582
   0.88915  0.12444  0.07757  1.35001  0.002073  0.000815  0.012729     2.543
   0.90314  0.11101  0.07364  1.34836  0.001952  0.000769  0.013575     2.538
   0.91683  0.09797  0.06946  1.34569  0.001852  0.000724  0.013964     2.559
   0.92993  0.08560  0.06517  1.34526  0.001697  0.000671  0.015741     2.529
   0.94206  0.07425  0.06087  1.34244  0.001527  0.000619  0.018668     2.466
   0.95332  0.06387  0.05649  1.33167  0.001446  0.000582  0.019115     2.487
   0.96371  0.05444  0.05215  1.32290  0.001361  0.000541  0.019594     2.515
   0.97301  0.04611  0.04801  1.31705  0.001243  0.000496  0.021651     2.503
   0.98119  0.03891  0.04412  1.30938  0.001122  0.000454  0.024672     2.470
   0.98837  0.03273  0.04046  1.29715  0.001030  0.000418  0.026802     2.464
   0.99470  0.02743  0.03701  1.28315  0.000928  0.000383  0.030681     2.424
   1.00030  0.02288  0.03375  1.26257  0.000857  0.000354  0.032813     2.419
   1.00527  0.01898  0.03066  1.24013  0.000784  0.000327  0.035872     2.401
   1.00973  0.01561  0.02774  1.21295  0.000716  0.000301  0.039404     2.376
   1.01375  0.01272  0.02495  1.17937  0.000659  0.000279  0.042349     2.358
   1.01739  0.01024  0.02228  1.14099  0.000615  0.000260  0.043734     2.363
   1.02073  0.00811  0.01971  1.09876  0.000557  0.000240  0.048363     2.322
   1.02380  0.00630  0.01724  1.04432  0.000518  0.000225  0.050162     2.305
   1.02664  0.00476  0.01485  0.98295  0.000486  0.000212  0.050896     2.294
   1.02926  0.00350  0.01255  0.91604  0.000458  0.000200  0.050564     2.289
   1.03171  0.00246  0.01033  0.84180  0.000428  0.000190  0.051294     2.255
   1.03400  0.00163  0.00819  0.75969  0.000416  0.000183  0.046876     2.271
   1.03618  0.00098  0.00612  0.67694  0.000393  0.000174  0.044857     2.255
   1.03826  0.00048  0.00410  0.58598  0.000377  0.000168  0.040651     2.251
   1.04024  0.00015  0.00214  0.49635  0.000356  0.000154  0.034538     2.310
   1.04215  0.00001  0.00024  0.38811  0.000304  0.000137  0.034259     2.222
   1.04400  0.00012 -0.00161  0.24837  0.000305  0.000136  0.021472     2.242
   1.04587  0.00052 -0.00343  0.10207  0.000286  0.000128  0.009503     2.230
   1.04780  0.00123 -0.00524 -0.06387  0.000286  0.000128  0.005947     2.230
   1.04986  0.00223 -0.00703 -0.20458  0.000339  0.000150  0.015698     2.257
   1.05205  0.00354 -0.00879 -0.32926  0.000352  0.000158  0.025076     2.224
   1.05438  0.00514 -0.01048 -0.43335  0.000402  0.000176  0.027136     2.292
   1.05689  0.00705 -0.01212 -0.51437  0.000449  0.000197  0.029222     2.279
   1.05960  0.00924 -0.01371 -0.57835  0.000513  0.000221  0.027732     2.318
   1.06254  0.01171 -0.01530 -0.63334  0.000558  0.000243  0.028337     2.301
   1.06576  0.01450 -0.01689 -0.68146  0.000617  0.000266  0.027057     2.322
   1.06931  0.01766 -0.01852 -0.72330  0.000675  0.000290  0.026044     2.330
   1.07328  0.02125 -0.02021 -0.76234  0.000730  0.000313  0.025358     2.330
   1.07773  0.02534 -0.02197 -0.79891  0.000790  0.000338  0.024406     2.337
   1.08275  0.03002 -0.02380 -0.83509  0.000844  0.000362  0.024006     2.332
   1.08845  0.03539 -0.02569 -0.86693  0.000923  0.000392  0.022214     2.358
   1.09493  0.04158 -0.02763 -0.89674  0.000997  0.000422  0.021240     2.360
   1.10237  0.04875 -0.02960 -0.92222  0.001097  0.000459  0.019345     2.387
   1.11095  0.05710 -0.03158 -0.94247  0.001217  0.000504  0.017316     2.415
   1.12083  0.06678 -0.03358 -0.95696  0.001364  0.000557  0.015128     2.450
   1.13204  0.07781 -0.03556 -0.97286  0.001465  0.000604  0.014696     2.425
   1.14448  0.09010 -0.03747 -0.98444  0.001624  0.000660  0.012961     2.459
   1.15809  0.10359 -0.03926 -0.99394  0.001770  0.000717  0.011895     2.468
   1.17266  0.11806 -0.04096 -1.00289  0.001902  0.000772  0.011200     2.465
   1.18781  0.13314 -0.04249 -1.01215  0.002015  0.000821  0.010810     2.453
   1.20335  0.14862 -0.04385 -1.01991  0.002143  0.000871  0.010172     2.459
   1.21923  0.16445 -0.04503 -1.02674  0.002266  0.000920  0.009650     2.463
   1.23540  0.18059 -0.04604 -1.03173  0.002405  0.000970  0.008983     2.479
   1.25175  0.19691 -0.04691 -1.03712  0.002509  0.001015  0.008722     2.472
   1.26813  0.21328 -0.04763 -1.04252  0.002603  0.001056  0.008514     2.464
   1.28457  0.22971 -0.04819 -1.04640  0.002726  0.001101  0.008053     2.477
   1.30115  0.24629 -0.04860 -1.05017  0.002832  0.001142  0.007766     2.479
   1.31783  0.26296 -0.04890 -1.05337  0.002941  0.001184  0.007458     2.484
   1.33448  0.27961 -0.04908 -1.05720  0.003018  0.001220  0.007368     2.474
   1.35110  0.29624 -0.04912 -1.05991  0.003126  0.001259  0.007068     2.483
   1.36778  0.31291 -0.04903 -1.06226  0.003231  0.001298  0.006804     2.490
   1.38450  0.32963 -0.04882 -1.06434  0.003333  0.001336  0.006572     2.495
   1.40120  0.34633 -0.04849 -1.06637  0.003425  0.001372  0.006397     2.497
   1.41786  0.36298 -0.04803 -1.06780  0.003530  0.001409  0.006158     2.505
   1.43449  0.37961 -0.04745 -1.06876  0.003642  0.001447  0.005905     2.516
   1.45114  0.39623 -0.04673 -1.06917  0.003763  0.001487  0.005630     2.531
   1.46777  0.41285 -0.04588 -1.06904  0.003892  0.001528  0.005338     2.548
   1.48439  0.42943 -0.04489 -1.06840  0.004030  0.001570  0.005040     2.568
   1.50097  0.44597 -0.04378 -1.06697  0.004192  0.001615  0.004685     2.596
   1.51751  0.46247 -0.04253 -1.06483  0.004375  0.001663  0.004302     2.631
   1.53401  0.47892 -0.04112 -1.06182  0.004592  0.001715  0.003865     2.678
   1.55050  0.49532 -0.03957 -1.05789  0.004855  0.001772  0.003372     2.741
   1.56702  0.51176 -0.03785 -1.05293  0.005189  0.001835  0.002799     2.828
   1.58368  0.52831 -0.03597 -1.04734  0.005587  0.001902  0.002215     2.937
   1.60055  0.54506 -0.03395 -1.04144  0.006043  0.001972  0.001661     3.064
   1.61761  0.56199 -0.03181 -1.03564  0.006536  0.002041  0.001183     3.203
   1.63483  0.57906 -0.02959 -1.03009  0.007062  0.002107  0.000783     3.351
   1.65218  0.59626 -0.02732 -1.02490  0.007606  0.002171  0.000462     3.503
   1.66962  0.61355 -0.02500 -1.02009  0.008157  0.002232  0.000215     3.655
   1.68712  0.63090 -0.02268 -1.01567  0.008704  0.002289  0.000031     3.803
   1.70462  0.64824 -0.02037 -1.01158  0.009234  0.002343 -0.000101     3.940
   1.72205  0.66552 -0.01809 -1.00778  0.009743  0.002396 -0.000194     4.067
   1.73939  0.68272 -0.01585 -1.00425  0.010225  0.002446 -0.000258     4.181
   1.75663  0.69982 -0.01367 -1.00093  0.010669  0.002494 -0.000299     4.277
   1.77378  0.71684 -0.01156 -0.99780  0.011061  0.002541 -0.000323     4.352
   1.79085  0.73379 -0.00953 -0.99482  0.011393  0.002587 -0.000335     4.404
   1.80784  0.75067 -0.00760 -0.99199  0.011667  0.002632 -0.000337     4.433
   1.82474  0.76746 -0.00576 -0.98927  0.011871  0.002676 -0.000332     4.436
   1.84154  0.78418 -0.00404 -0.98664  0.011998  0.002719 -0.000318     4.412
   1.85823  0.80079 -0.00245 -0.98410  0.012043  0.002762 -0.000296     4.360
   1.87481  0.81731 -0.00100 -0.98162  0.011997  0.002804 -0.000262     4.279
   1.89126  0.83371  0.00030 -0.97920  0.011849  0.002845 -0.000209     4.164
   1.90759  0.85000  0.00143 -0.97684  0.011598  0.002886 -0.000129     4.019
   1.92381  0.86619  0.00238 -0.97462  0.011239  0.002925 -0.000009     3.843
   1.93987  0.88223  0.00314 -0.97269  0.010783  0.002959  0.000165     3.644
   1.95573  0.89808  0.00370 -0.97133  0.010228  0.002984  0.000414     3.427
   1.97131  0.91366  0.00404 -0.97099  0.009584  0.002994  0.000760     3.200
   1.98653  0.92887  0.00415 -0.97233  0.008849  0.002982  0.001238     2.968
   2.00124  0.94358  0.00401 -0.97618  0.008042  0.002937  0.001883     2.738
   2.01526  0.95760  0.00361 -0.98357  0.007184  0.002853  0.002747     2.519
   2.02837  0.97069  0.00296 -0.99595  0.006285  0.002721  0.003928     2.310
   2.04040  0.98268  0.00205 -1.01526  0.005362  0.002537  0.005586     2.114
   2.05125  0.99348  0.00090 -1.04555  0.004401  0.002287  0.008133     1.924
   2.05783  1.00000  0.00000 -1.03264  0.004955  0.002426  0.006514     2.043
   2.05783  1.00010 -0.00002  1.03264  0.113153  0.019215  0.000000     5.889
   2.06446  1.00660 -0.00132  1.02920  0.108429  0.019715  0.000000     5.500
   2.07221  1.01424 -0.00259  1.02540  0.106137  0.020260  0.000000     5.239
   2.08127  1.02320 -0.00391  1.02085  0.103823  0.020909  0.000000     4.965
   2.09186  1.03370 -0.00531  1.01536  0.101354  0.021692  0.000000     4.672
   2.10423  1.04598 -0.00678  1.00864  0.098594  0.022651  0.000000     4.353
   2.11869  1.06036 -0.00833  1.00026  0.095455  0.023848  0.000000     4.003
   2.13560  1.07719 -0.00998  0.98955  0.091878  0.025388  0.000000     3.619
   2.15535  1.09687 -0.01170  0.97694  0.087756  0.027216  0.000000     3.224
   2.17845  1.11989 -0.01349  0.96597  0.082869  0.028812  0.000000     2.876
   2.20544  1.14682 -0.01533  0.95623  0.077333  0.030223  0.000000     2.559
   2.23698  1.17831 -0.01720  0.94853  0.071268  0.031321  0.000000     2.275
   2.27386  1.21513 -0.01907  0.94365  0.064893  0.031999  0.000000     2.028
   2.31695  1.25819 -0.02088  0.94208  0.058519  0.032208  0.000000     1.817
   2.36732  1.30853 -0.02258  0.94387  0.052492  0.031982  0.000000     1.641
   2.42619  1.36739 -0.02409  0.94842  0.047110  0.031438  0.000000     1.498
   2.49501  1.43619 -0.02531  0.95470  0.042548  0.030731  0.000000     1.385
   2.57543  1.51661 -0.02612  0.96162  0.038836  0.030000  0.000000     1.295
   2.66944  1.61061 -0.02636  0.96831  0.035898  0.029330  0.000000     1.224
   2.77931  1.72048 -0.02587  0.97428  0.033612  0.028759  0.000000     1.169
   2.90773  1.84889 -0.02442  0.97940  0.031854  0.028288  0.000000     1.126
   3.05782  1.99897 -0.02175  0.98713  0.030161  0.027606  0.000000     1.093
