BlendedAirfoil                                  
 Alfa =   4.90000 Re =    10000.000 Xflap,Yflap =     0.000000    0.000000
#    x        y        Cp  
   1.00000  0.00000 -0.24661
   0.99364  0.00201 -0.24640
   0.98283  0.00544 -0.24640
   0.97055  0.00931 -0.24642
   0.95712  0.01335 -0.24647
   0.94286  0.01740 -0.24656
   0.92786  0.02141 -0.24669
   0.91220  0.02541 -0.24685
   0.89609  0.02942 -0.24704
   0.87971  0.03341 -0.24724
   0.86318  0.03738 -0.24744
   0.84656  0.04130 -0.24765
   0.82989  0.04517 -0.24788
   0.81321  0.04899 -0.24811
   0.79652  0.05273 -0.24835
   0.77978  0.05643 -0.24862
   0.76308  0.06007 -0.24889
   0.74647  0.06361 -0.24919
   0.72994  0.06704 -0.24953
   0.71344  0.07036 -0.24991
   0.69694  0.07357 -0.25035
   0.68046  0.07667 -0.25086
   0.66401  0.07965 -0.25146
   0.64761  0.08250 -0.25215
   0.63123  0.08521 -0.25298
   0.61480  0.08779 -0.25397
   0.59836  0.09025 -0.25514
   0.58198  0.09257 -0.25653
   0.56566  0.09473 -0.25818
   0.54933  0.09674 -0.26017
   0.53293  0.09860 -0.26255
   0.51655  0.10033 -0.26540
   0.50026  0.10190 -0.26879
   0.48404  0.10328 -0.27286
   0.46779  0.10449 -0.27775
   0.45151  0.10554 -0.28365
   0.43525  0.10643 -0.29071
   0.41907  0.10713 -0.29914
   0.40298  0.10765 -0.30915
   0.38693  0.10796 -0.32089
   0.37085  0.10808 -0.33436
   0.35476  0.10800 -0.34966
   0.33878  0.10774 -0.36696
   0.32303  0.10727 -0.38605
   0.30737  0.10654 -0.40645
   0.29158  0.10557 -0.42775
   0.27578  0.10439 -0.44965
   0.26028  0.10302 -0.47112
   0.24502  0.10139 -0.49007
   0.22972  0.09944 -0.50637
   0.21436  0.09725 -0.52113
   0.19920  0.09484 -0.53397
   0.18429  0.09217 -0.54288
   0.16950  0.08922 -0.54834
   0.15481  0.08599 -0.55159
   0.14036  0.08253 -0.55201
   0.12638  0.07886 -0.55032
   0.11290  0.07496 -0.54106
   0.09977  0.07076 -0.52587
   0.08721  0.06643 -0.51182
   0.07568  0.06209 -0.49074
   0.06515  0.05767 -0.45577
   0.05550  0.05322 -0.41817
   0.04692  0.04898 -0.38530
   0.03952  0.04501 -0.34924
   0.03319  0.04127 -0.30036
   0.02777  0.03774 -0.24416
   0.02313  0.03441 -0.17957
   0.01915  0.03125 -0.10604
   0.01574  0.02825 -0.02567
   0.01281  0.02541  0.06255
   0.01030  0.02269  0.15941
   0.00816  0.02007  0.26206
   0.00634  0.01756  0.36477
   0.00481  0.01513  0.47386
   0.00353  0.01281  0.58011
   0.00250  0.01057  0.68044
   0.00166  0.00842  0.77203
   0.00100  0.00634  0.85602
   0.00049  0.00433  0.92004
   0.00014  0.00237  0.96631
  -0.00001  0.00047  0.99733
   0.00009 -0.00138  0.99062
   0.00049 -0.00318  0.94109
   0.00119 -0.00498  0.85246
   0.00220 -0.00676  0.74069
   0.00351 -0.00851  0.62290
   0.00512 -0.01021  0.50628
   0.00701 -0.01184  0.40953
   0.00920 -0.01343  0.33401
   0.01168 -0.01499  0.26987
   0.01448 -0.01656  0.21067
   0.01766 -0.01815  0.16153
   0.02129 -0.01981  0.11513
   0.02543 -0.02154  0.06810
   0.03017 -0.02333  0.02245
   0.03561 -0.02519 -0.02302
   0.04190 -0.02708 -0.06402
   0.04922 -0.02900 -0.09883
   0.05776 -0.03093 -0.12366
   0.06768 -0.03288 -0.14215
   0.07895 -0.03481 -0.15952
   0.09144 -0.03664 -0.17299
   0.10515 -0.03835 -0.18195
   0.11981 -0.03996 -0.19176
   0.13498 -0.04141 -0.20112
   0.15051 -0.04267 -0.21023
   0.16639 -0.04375 -0.21717
   0.18258 -0.04467 -0.22357
   0.19892 -0.04546 -0.22967
   0.21526 -0.04609 -0.23650
   0.23166 -0.04656 -0.24126
   0.24824 -0.04689 -0.24551
   0.26491 -0.04711 -0.24990
   0.28153 -0.04721 -0.25421
   0.29810 -0.04717 -0.25758
   0.31475 -0.04699 -0.26025
   0.33145 -0.04670 -0.26232
   0.34811 -0.04629 -0.26438
   0.36473 -0.04576 -0.26536
   0.38133 -0.04510 -0.26556
   0.39793 -0.04431 -0.26485
   0.41453 -0.04339 -0.26321
   0.43111 -0.04234 -0.26070
   0.44765 -0.04116 -0.25725
   0.46414 -0.03985 -0.25248
   0.48059 -0.03840 -0.24675
   0.49701 -0.03680 -0.23963
   0.51348 -0.03504 -0.23132
   0.53008 -0.03313 -0.22207
   0.54687 -0.03109 -0.21227
   0.56382 -0.02896 -0.20234
   0.58089 -0.02675 -0.19245
   0.59806 -0.02449 -0.18276
   0.61529 -0.02221 -0.17342
   0.63255 -0.01994 -0.16449
   0.64979 -0.01769 -0.15600
   0.66698 -0.01547 -0.14793
   0.68409 -0.01330 -0.14030
   0.70109 -0.01119 -0.13312
   0.71802 -0.00917 -0.12638
   0.73488 -0.00723 -0.12007
   0.75168 -0.00538 -0.11421
   0.76841 -0.00365 -0.10879
   0.78504 -0.00203 -0.10390
   0.80157 -0.00054 -0.09956
   0.81800  0.00080 -0.09590
   0.83432  0.00198 -0.09303
   0.85054  0.00299 -0.09116
   0.86665  0.00381 -0.09052
   0.88262  0.00443 -0.09142
   0.89840  0.00486 -0.09427
   0.91391  0.00506 -0.09964
   0.92905  0.00502 -0.10834
   0.94370  0.00473 -0.12135
   0.95766  0.00418 -0.13995
   0.97070  0.00337 -0.16579
   0.98268  0.00230 -0.20108
   0.99347  0.00100 -0.24916
   1.00000  0.00000 -0.24661
