BlendedAirfoil                                  
 Alfa =   5.50000 Re =    10000.000 Xflap,Yflap =     0.000000    0.000000
#    x        y        Cp  
   1.00000  0.00000 -0.26307
   0.99364  0.00201 -0.26287
   0.98283  0.00544 -0.26287
   0.97055  0.00931 -0.26289
   0.95712  0.01335 -0.26294
   0.94286  0.01740 -0.26303
   0.92786  0.02141 -0.26315
   0.91220  0.02541 -0.26330
   0.89609  0.02942 -0.26347
   0.87971  0.03341 -0.26365
   0.86318  0.03738 -0.26384
   0.84656  0.04130 -0.26403
   0.82989  0.04517 -0.26422
   0.81321  0.04899 -0.26442
   0.79652  0.05273 -0.26463
   0.77978  0.05643 -0.26485
   0.76308  0.06007 -0.26508
   0.74647  0.06361 -0.26532
   0.72994  0.06704 -0.26559
   0.71344  0.07036 -0.26589
   0.69694  0.07357 -0.26624
   0.68046  0.07667 -0.26664
   0.66401  0.07965 -0.26711
   0.64761  0.08250 -0.26766
   0.63123  0.08521 -0.26831
   0.61480  0.08779 -0.26909
   0.59836  0.09025 -0.27002
   0.58198  0.09257 -0.27112
   0.56566  0.09473 -0.27243
   0.54933  0.09674 -0.27402
   0.53293  0.09860 -0.27594
   0.51655  0.10033 -0.27823
   0.50026  0.10190 -0.28097
   0.48404  0.10328 -0.28427
   0.46779  0.10449 -0.28826
   0.45151  0.10554 -0.29308
   0.43525  0.10643 -0.29888
   0.41907  0.10713 -0.30587
   0.40298  0.10765 -0.31426
   0.38693  0.10796 -0.32429
   0.37085  0.10808 -0.33620
   0.35476  0.10800 -0.35002
   0.33878  0.10774 -0.36563
   0.32303  0.10727 -0.38324
   0.30737  0.10654 -0.40281
   0.29158  0.10557 -0.42409
   0.27578  0.10439 -0.44678
   0.26028  0.10302 -0.46966
   0.24502  0.10139 -0.49123
   0.22972  0.09944 -0.51038
   0.21436  0.09725 -0.52885
   0.19920  0.09484 -0.54526
   0.18429  0.09217 -0.55785
   0.16950  0.08922 -0.56767
   0.15481  0.08599 -0.57510
   0.14036  0.08253 -0.57970
   0.12638  0.07886 -0.58242
   0.11290  0.07496 -0.57763
   0.09977  0.07076 -0.56797
   0.08721  0.06643 -0.55826
   0.07568  0.06209 -0.54261
   0.06515  0.05767 -0.51306
   0.05550  0.05322 -0.48144
   0.04692  0.04898 -0.45324
   0.03952  0.04501 -0.42186
   0.03319  0.04127 -0.37885
   0.02777  0.03774 -0.32766
   0.02313  0.03441 -0.26714
   0.01915  0.03125 -0.19790
   0.01574  0.02825 -0.11750
   0.01281  0.02541 -0.03454
   0.01030  0.02269  0.06000
   0.00816  0.02007  0.16466
   0.00634  0.01756  0.27126
   0.00481  0.01513  0.38401
   0.00353  0.01281  0.49558
   0.00250  0.01057  0.60092
   0.00166  0.00842  0.69962
   0.00100  0.00634  0.79227
   0.00049  0.00433  0.86994
   0.00014  0.00237  0.93114
  -0.00001  0.00047  0.98137
   0.00009 -0.00138  1.00030
   0.00049 -0.00318  0.97695
   0.00119 -0.00498  0.91063
   0.00220 -0.00676  0.81987
   0.00351 -0.00851  0.71251
   0.00512 -0.01021  0.60504
   0.00701 -0.01184  0.51118
   0.00920 -0.01343  0.43499
   0.01168 -0.01499  0.36615
   0.01448 -0.01656  0.30623
   0.01766 -0.01815  0.25327
   0.02129 -0.01981  0.20208
   0.02543 -0.02154  0.15424
   0.03017 -0.02333  0.10281
   0.03561 -0.02519  0.05385
   0.04190 -0.02708  0.00925
   0.04922 -0.02900 -0.02857
   0.05776 -0.03093 -0.05846
   0.06768 -0.03288 -0.08126
   0.07895 -0.03481 -0.10226
   0.09144 -0.03664 -0.12041
   0.10515 -0.03835 -0.13264
   0.11981 -0.03996 -0.14567
   0.13498 -0.04141 -0.15806
   0.15051 -0.04267 -0.16964
   0.16639 -0.04375 -0.17936
   0.18258 -0.04467 -0.18755
   0.19892 -0.04546 -0.19615
   0.21526 -0.04609 -0.20436
   0.23166 -0.04656 -0.21108
   0.24824 -0.04689 -0.21699
   0.26491 -0.04711 -0.22277
   0.28153 -0.04721 -0.22855
   0.29810 -0.04717 -0.23318
   0.31475 -0.04699 -0.23718
   0.33145 -0.04670 -0.24069
   0.34811 -0.04629 -0.24369
   0.36473 -0.04576 -0.24593
   0.38133 -0.04510 -0.24727
   0.39793 -0.04431 -0.24757
   0.41453 -0.04339 -0.24705
   0.43111 -0.04234 -0.24549
   0.44765 -0.04116 -0.24294
   0.46414 -0.03985 -0.23907
   0.48059 -0.03840 -0.23417
   0.49701 -0.03680 -0.22779
   0.51348 -0.03504 -0.22011
   0.53008 -0.03313 -0.21139
   0.54687 -0.03109 -0.20200
   0.56382 -0.02896 -0.19242
   0.58089 -0.02675 -0.18281
   0.59806 -0.02449 -0.17336
   0.61529 -0.02221 -0.16420
   0.63255 -0.01994 -0.15545
   0.64979 -0.01769 -0.14711
   0.66698 -0.01547 -0.13920
   0.68409 -0.01330 -0.13172
   0.70109 -0.01119 -0.12469
   0.71802 -0.00917 -0.11812
   0.73488 -0.00723 -0.11202
   0.75168 -0.00538 -0.10639
   0.76841 -0.00365 -0.10125
   0.78504 -0.00203 -0.09669
   0.80157 -0.00054 -0.09274
   0.81800  0.00080 -0.08954
   0.83432  0.00198 -0.08723
   0.85054  0.00299 -0.08601
   0.86665  0.00381 -0.08616
   0.88262  0.00443 -0.08796
   0.89840  0.00486 -0.09188
   0.91391  0.00506 -0.09851
   0.92905  0.00502 -0.10869
   0.94370  0.00473 -0.12348
   0.95766  0.00418 -0.14424
   0.97070  0.00337 -0.17280
   0.98268  0.00230 -0.21170
   0.99347  0.00100 -0.26493
   1.00000  0.00000 -0.26307
