BlendedAirfoil                                  
 Alfa =   5.80000 Re =    10000.000 Xflap,Yflap =     0.000000    0.000000
#    x        y        Cp  
   1.00000  0.00000 -0.27124
   0.99364  0.00201 -0.27105
   0.98283  0.00544 -0.27106
   0.97055  0.00931 -0.27108
   0.95712  0.01335 -0.27112
   0.94286  0.01740 -0.27121
   0.92786  0.02141 -0.27133
   0.91220  0.02541 -0.27148
   0.89609  0.02942 -0.27164
   0.87971  0.03341 -0.27181
   0.86318  0.03738 -0.27199
   0.84656  0.04130 -0.27217
   0.82989  0.04517 -0.27235
   0.81321  0.04899 -0.27254
   0.79652  0.05273 -0.27273
   0.77978  0.05643 -0.27293
   0.76308  0.06007 -0.27314
   0.74647  0.06361 -0.27336
   0.72994  0.06704 -0.27360
   0.71344  0.07036 -0.27387
   0.69694  0.07357 -0.27418
   0.68046  0.07667 -0.27454
   0.66401  0.07965 -0.27495
   0.64761  0.08250 -0.27543
   0.63123  0.08521 -0.27601
   0.61480  0.08779 -0.27670
   0.59836  0.09025 -0.27753
   0.58198  0.09257 -0.27850
   0.56566  0.09473 -0.27967
   0.54933  0.09674 -0.28109
   0.53293  0.09860 -0.28280
   0.51655  0.10033 -0.28485
   0.50026  0.10190 -0.28730
   0.48404  0.10328 -0.29026
   0.46779  0.10449 -0.29385
   0.45151  0.10554 -0.29819
   0.43525  0.10643 -0.30343
   0.41907  0.10713 -0.30975
   0.40298  0.10765 -0.31737
   0.38693  0.10796 -0.32655
   0.37085  0.10808 -0.33755
   0.35476  0.10800 -0.35056
   0.33878  0.10774 -0.36537
   0.32303  0.10727 -0.38209
   0.30737  0.10654 -0.40095
   0.29158  0.10557 -0.42187
   0.27578  0.10439 -0.44461
   0.26028  0.10302 -0.46791
   0.24502  0.10139 -0.49040
   0.22972  0.09944 -0.51122
   0.21436  0.09725 -0.53102
   0.19920  0.09484 -0.54944
   0.18429  0.09217 -0.56394
   0.16950  0.08922 -0.57586
   0.15481  0.08599 -0.58527
   0.14036  0.08253 -0.59246
   0.12638  0.07886 -0.59696
   0.11290  0.07496 -0.59471
   0.09977  0.07076 -0.58760
   0.08721  0.06643 -0.58101
   0.07568  0.06209 -0.56750
   0.06515  0.05767 -0.54128
   0.05550  0.05322 -0.51127
   0.04692  0.04898 -0.48736
   0.03952  0.04501 -0.45797
   0.03319  0.04127 -0.41755
   0.02777  0.03774 -0.36941
   0.02313  0.03441 -0.31000
   0.01915  0.03125 -0.24231
   0.01574  0.02825 -0.16485
   0.01281  0.02541 -0.08255
   0.01030  0.02269  0.01095
   0.00816  0.02007  0.11551
   0.00634  0.01756  0.22144
   0.00481  0.01513  0.33432
   0.00353  0.01281  0.44826
   0.00250  0.01057  0.56004
   0.00166  0.00842  0.65959
   0.00100  0.00634  0.75825
   0.00049  0.00433  0.84293
   0.00014  0.00237  0.91129
  -0.00001  0.00047  0.96634
   0.00009 -0.00138  0.99816
   0.00049 -0.00318  0.98791
   0.00119 -0.00498  0.93399
   0.00220 -0.00676  0.85171
   0.00351 -0.00851  0.75209
   0.00512 -0.01021  0.65032
   0.00701 -0.01184  0.55694
   0.00920 -0.01343  0.48105
   0.01168 -0.01499  0.41369
   0.01448 -0.01656  0.35272
   0.01766 -0.01815  0.29596
   0.02129 -0.01981  0.24392
   0.02543 -0.02154  0.19336
   0.03017 -0.02333  0.14147
   0.03561 -0.02519  0.09174
   0.04190 -0.02708  0.04471
   0.04922 -0.02900  0.00456
   0.05776 -0.03093 -0.02670
   0.06768 -0.03288 -0.05193
   0.07895 -0.03481 -0.07482
   0.09144 -0.03664 -0.09449
   0.10515 -0.03835 -0.10828
   0.11981 -0.03996 -0.12300
   0.13498 -0.04141 -0.13706
   0.15051 -0.04267 -0.14987
   0.16639 -0.04375 -0.16052
   0.18258 -0.04467 -0.17030
   0.19892 -0.04546 -0.17953
   0.21526 -0.04609 -0.18871
   0.23166 -0.04656 -0.19633
   0.24824 -0.04689 -0.20290
   0.26491 -0.04711 -0.20935
   0.28153 -0.04721 -0.21589
   0.29810 -0.04717 -0.22117
   0.31475 -0.04699 -0.22568
   0.33145 -0.04670 -0.22983
   0.34811 -0.04629 -0.23348
   0.36473 -0.04576 -0.23626
   0.38133 -0.04510 -0.23813
   0.39793 -0.04431 -0.23903
   0.41453 -0.04339 -0.23885
   0.43111 -0.04234 -0.23784
   0.44765 -0.04116 -0.23568
   0.46414 -0.03985 -0.23238
   0.48059 -0.03840 -0.22787
   0.49701 -0.03680 -0.22184
   0.51348 -0.03504 -0.21450
   0.53008 -0.03313 -0.20604
   0.54687 -0.03109 -0.19690
   0.56382 -0.02896 -0.18747
   0.58089 -0.02675 -0.17804
   0.59806 -0.02449 -0.16872
   0.61529 -0.02221 -0.15968
   0.63255 -0.01994 -0.15103
   0.64979 -0.01769 -0.14278
   0.66698 -0.01547 -0.13496
   0.68409 -0.01330 -0.12756
   0.70109 -0.01119 -0.12063
   0.71802 -0.00917 -0.11417
   0.73488 -0.00723 -0.10818
   0.75168 -0.00538 -0.10269
   0.76841 -0.00365 -0.09770
   0.78504 -0.00203 -0.09331
   0.80157 -0.00054 -0.08957
   0.81800  0.00080 -0.08661
   0.83432  0.00198 -0.08458
   0.85054  0.00299 -0.08368
   0.86665  0.00381 -0.08421
   0.88262  0.00443 -0.08646
   0.89840  0.00486 -0.09089
   0.91391  0.00506 -0.09812
   0.92905  0.00502 -0.10901
   0.94370  0.00473 -0.12465
   0.95766  0.00418 -0.14644
   0.97070  0.00337 -0.17630
   0.98268  0.00230 -0.21692
   0.99347  0.00100 -0.27270
   1.00000  0.00000 -0.27124
