BlendedAirfoil                                  
 Alfa =   3.75000 Re =    10000.000 Xflap,Yflap =     0.000000    0.000000
#    x        y        Cp  
   1.00000  0.00000 -0.21474
   0.99364  0.00201 -0.21451
   0.98283  0.00544 -0.21451
   0.97055  0.00931 -0.21453
   0.95712  0.01335 -0.21459
   0.94286  0.01740 -0.21470
   0.92786  0.02141 -0.21486
   0.91220  0.02541 -0.21506
   0.89609  0.02942 -0.21528
   0.87971  0.03341 -0.21553
   0.86318  0.03738 -0.21579
   0.84656  0.04130 -0.21607
   0.82989  0.04517 -0.21636
   0.81321  0.04899 -0.21668
   0.79652  0.05273 -0.21703
   0.77978  0.05643 -0.21740
   0.76308  0.06007 -0.21781
   0.74647  0.06361 -0.21826
   0.72994  0.06704 -0.21877
   0.71344  0.07036 -0.21936
   0.69694  0.07357 -0.22004
   0.68046  0.07667 -0.22083
   0.66401  0.07965 -0.22175
   0.64761  0.08250 -0.22282
   0.63123  0.08521 -0.22410
   0.61480  0.08779 -0.22561
   0.59836  0.09025 -0.22739
   0.58198  0.09257 -0.22949
   0.56566  0.09473 -0.23198
   0.54933  0.09674 -0.23495
   0.53293  0.09860 -0.23849
   0.51655  0.10033 -0.24269
   0.50026  0.10190 -0.24766
   0.48404  0.10328 -0.25357
   0.46779  0.10449 -0.26063
   0.45151  0.10554 -0.26900
   0.43525  0.10643 -0.27884
   0.41907  0.10713 -0.29021
   0.40298  0.10765 -0.30299
   0.38693  0.10796 -0.31739
   0.37085  0.10808 -0.33360
   0.35476  0.10800 -0.35160
   0.33878  0.10774 -0.37092
   0.32303  0.10727 -0.39086
   0.30737  0.10654 -0.41048
   0.29158  0.10557 -0.42936
   0.27578  0.10439 -0.44796
   0.26028  0.10302 -0.46511
   0.24502  0.10139 -0.47850
   0.22972  0.09944 -0.48822
   0.21436  0.09725 -0.49643
   0.19920  0.09484 -0.50266
   0.18429  0.09217 -0.50397
   0.16950  0.08922 -0.50223
   0.15481  0.08599 -0.49728
   0.14036  0.08253 -0.49044
   0.12638  0.07886 -0.48074
   0.11290  0.07496 -0.46313
   0.09977  0.07076 -0.43996
   0.08721  0.06643 -0.41714
   0.07568  0.06209 -0.38715
   0.06515  0.05767 -0.34177
   0.05550  0.05322 -0.29583
   0.04692  0.04898 -0.25180
   0.03952  0.04501 -0.20605
   0.03319  0.04127 -0.14904
   0.02777  0.03774 -0.08437
   0.02313  0.03441 -0.01188
   0.01915  0.03125  0.06597
   0.01574  0.02825  0.15195
   0.01281  0.02541  0.24003
   0.01030  0.02269  0.33684
   0.00816  0.02007  0.43931
   0.00634  0.01756  0.53533
   0.00481  0.01513  0.63323
   0.00353  0.01281  0.73095
   0.00250  0.01057  0.81392
   0.00166  0.00842  0.88190
   0.00100  0.00634  0.94135
   0.00049  0.00433  0.98275
   0.00014  0.00237  1.00001
  -0.00001  0.00047  0.98579
   0.00009 -0.00138  0.92710
   0.00049 -0.00318  0.82696
   0.00119 -0.00498  0.69049
   0.00220 -0.00676  0.54025
   0.00351 -0.00851  0.40574
   0.00512 -0.01021  0.28700
   0.00701 -0.01184  0.18831
   0.00920 -0.01343  0.11530
   0.01168 -0.01499  0.05714
   0.01448 -0.01656  0.00775
   0.01766 -0.01815 -0.03299
   0.02129 -0.01981 -0.06998
   0.02543 -0.02154 -0.10782
   0.03017 -0.02333 -0.14695
   0.03561 -0.02519 -0.18365
   0.04190 -0.02708 -0.21559
   0.04922 -0.02900 -0.24048
   0.05776 -0.03093 -0.25670
   0.06768 -0.03288 -0.26677
   0.07895 -0.03481 -0.27456
   0.09144 -0.03664 -0.28021
   0.10515 -0.03835 -0.28100
   0.11981 -0.03996 -0.28389
   0.13498 -0.04141 -0.28741
   0.15051 -0.04267 -0.29082
   0.16639 -0.04375 -0.29277
   0.18258 -0.04467 -0.29397
   0.19892 -0.04546 -0.29668
   0.21526 -0.04609 -0.29905
   0.23166 -0.04656 -0.30070
   0.24824 -0.04689 -0.30158
   0.26491 -0.04711 -0.30287
   0.28153 -0.04721 -0.30433
   0.29810 -0.04717 -0.30480
   0.31475 -0.04699 -0.30491
   0.33145 -0.04670 -0.30463
   0.34811 -0.04629 -0.30390
   0.36473 -0.04576 -0.30283
   0.38133 -0.04510 -0.30062
   0.39793 -0.04431 -0.29773
   0.41453 -0.04339 -0.29419
   0.43111 -0.04234 -0.28952
   0.44765 -0.04116 -0.28421
   0.46414 -0.03985 -0.27769
   0.48059 -0.03840 -0.27037
   0.49701 -0.03680 -0.26187
   0.51348 -0.03504 -0.25246
   0.53008 -0.03313 -0.24229
   0.54687 -0.03109 -0.23180
   0.56382 -0.02896 -0.22132
   0.58089 -0.02675 -0.21105
   0.59806 -0.02449 -0.20108
   0.61529 -0.02221 -0.19156
   0.63255 -0.01994 -0.18248
   0.64979 -0.01769 -0.17386
   0.66698 -0.01547 -0.16569
   0.68409 -0.01330 -0.15795
   0.70109 -0.01119 -0.15063
   0.71802 -0.00917 -0.14371
   0.73488 -0.00723 -0.13717
   0.75168 -0.00538 -0.13100
   0.76841 -0.00365 -0.12519
   0.78504 -0.00203 -0.11979
   0.80157 -0.00054 -0.11481
   0.81800  0.00080 -0.11035
   0.83432  0.00198 -0.10648
   0.85054  0.00299 -0.10338
   0.86665  0.00381 -0.10123
   0.88262  0.00443 -0.10030
   0.89840  0.00486 -0.10097
   0.91391  0.00506 -0.10374
   0.92905  0.00502 -0.10931
   0.94370  0.00473 -0.11856
   0.95766  0.00418 -0.13254
   0.97070  0.00337 -0.15262
   0.98268  0.00230 -0.18041
   0.99347  0.00100 -0.21800
   1.00000  0.00000 -0.21474
