BlendedAirfoil                                  
 Alfa =   4.10000 Re =    10000.000 Xflap,Yflap =     0.000000    0.000000
#    x        y        Cp  
   1.00000  0.00000 -0.22446
   0.99364  0.00201 -0.22423
   0.98283  0.00544 -0.22423
   0.97055  0.00931 -0.22425
   0.95712  0.01335 -0.22431
   0.94286  0.01740 -0.22441
   0.92786  0.02141 -0.22456
   0.91220  0.02541 -0.22474
   0.89609  0.02942 -0.22495
   0.87971  0.03341 -0.22518
   0.86318  0.03738 -0.22542
   0.84656  0.04130 -0.22568
   0.82989  0.04517 -0.22595
   0.81321  0.04899 -0.22624
   0.79652  0.05273 -0.22655
   0.77978  0.05643 -0.22688
   0.76308  0.06007 -0.22725
   0.74647  0.06361 -0.22765
   0.72994  0.06704 -0.22810
   0.71344  0.07036 -0.22861
   0.69694  0.07357 -0.22921
   0.68046  0.07667 -0.22990
   0.66401  0.07965 -0.23071
   0.64761  0.08250 -0.23166
   0.63123  0.08521 -0.23278
   0.61480  0.08779 -0.23411
   0.59836  0.09025 -0.23568
   0.58198  0.09257 -0.23755
   0.56566  0.09473 -0.23975
   0.54933  0.09674 -0.24239
   0.53293  0.09860 -0.24554
   0.51655  0.10033 -0.24928
   0.50026  0.10190 -0.25372
   0.48404  0.10328 -0.25902
   0.46779  0.10449 -0.26536
   0.45151  0.10554 -0.27293
   0.43525  0.10643 -0.28190
   0.41907  0.10713 -0.29241
   0.40298  0.10765 -0.30449
   0.38693  0.10796 -0.31807
   0.37085  0.10808 -0.33346
   0.35476  0.10800 -0.35077
   0.33878  0.10774 -0.36974
   0.32303  0.10727 -0.38977
   0.30737  0.10654 -0.40991
   0.29158  0.10557 -0.42978
   0.27578  0.10439 -0.44951
   0.26028  0.10302 -0.46817
   0.24502  0.10139 -0.48337
   0.22972  0.09944 -0.49516
   0.21436  0.09725 -0.50526
   0.19920  0.09484 -0.51356
   0.18429  0.09217 -0.51689
   0.16950  0.08922 -0.51752
   0.15481  0.08599 -0.51498
   0.14036  0.08253 -0.51070
   0.12638  0.07886 -0.50283
   0.11290  0.07496 -0.48779
   0.09977  0.07076 -0.46705
   0.08721  0.06643 -0.44629
   0.07568  0.06209 -0.41904
   0.06515  0.05767 -0.37742
   0.05550  0.05322 -0.33272
   0.04692  0.04898 -0.29314
   0.03952  0.04501 -0.25052
   0.03319  0.04127 -0.19483
   0.02777  0.03774 -0.13262
   0.02313  0.03441 -0.06190
   0.01915  0.03125  0.01506
   0.01574  0.02825  0.09984
   0.01281  0.02541  0.18652
   0.01030  0.02269  0.28361
   0.00816  0.02007  0.38403
   0.00634  0.01756  0.48678
   0.00481  0.01513  0.58838
   0.00353  0.01281  0.68848
   0.00250  0.01057  0.77875
   0.00166  0.00842  0.85166
   0.00100  0.00634  0.91881
   0.00049  0.00433  0.96850
   0.00014  0.00237  0.99532
  -0.00001  0.00047  0.99594
   0.00009 -0.00138  0.95342
   0.00049 -0.00318  0.86561
   0.00119 -0.00498  0.74762
   0.00220 -0.00676  0.61407
   0.00351 -0.00851  0.47864
   0.00512 -0.01021  0.35764
   0.00701 -0.01184  0.25812
   0.00920 -0.01343  0.18565
   0.01168 -0.01499  0.12448
   0.01448 -0.01656  0.07328
   0.01766 -0.01815  0.02843
   0.02129 -0.01981 -0.01156
   0.02543 -0.02154 -0.05178
   0.03017 -0.02333 -0.09391
   0.03561 -0.02519 -0.13280
   0.04190 -0.02708 -0.16799
   0.04922 -0.02900 -0.19607
   0.05776 -0.03093 -0.21518
   0.06768 -0.03288 -0.22809
   0.07895 -0.03481 -0.23899
   0.09144 -0.03664 -0.24645
   0.10515 -0.03835 -0.25060
   0.11981 -0.03996 -0.25515
   0.13498 -0.04141 -0.26077
   0.15051 -0.04267 -0.26581
   0.16639 -0.04375 -0.26948
   0.18258 -0.04467 -0.27249
   0.19892 -0.04546 -0.27583
   0.21526 -0.04609 -0.27978
   0.23166 -0.04656 -0.28236
   0.24824 -0.04689 -0.28441
   0.26491 -0.04711 -0.28661
   0.28153 -0.04721 -0.28884
   0.29810 -0.04717 -0.29048
   0.31475 -0.04699 -0.29128
   0.33145 -0.04670 -0.29181
   0.34811 -0.04629 -0.29174
   0.36473 -0.04576 -0.29138
   0.38133 -0.04510 -0.29003
   0.39793 -0.04431 -0.28787
   0.41453 -0.04339 -0.28481
   0.43111 -0.04234 -0.28085
   0.44765 -0.04116 -0.27608
   0.46414 -0.03985 -0.27016
   0.48059 -0.03840 -0.26327
   0.49701 -0.03680 -0.25520
   0.51348 -0.03504 -0.24611
   0.53008 -0.03313 -0.23620
   0.54687 -0.03109 -0.22590
   0.56382 -0.02896 -0.21556
   0.58089 -0.02675 -0.20538
   0.59806 -0.02449 -0.19548
   0.61529 -0.02221 -0.18598
   0.63255 -0.01994 -0.17691
   0.64979 -0.01769 -0.16831
   0.66698 -0.01547 -0.16014
   0.68409 -0.01330 -0.15240
   0.70109 -0.01119 -0.14510
   0.71802 -0.00917 -0.13822
   0.73488 -0.00723 -0.13172
   0.75168 -0.00538 -0.12561
   0.76841 -0.00365 -0.11990
   0.78504 -0.00203 -0.11463
   0.80157 -0.00054 -0.10983
   0.81800  0.00080 -0.10559
   0.83432  0.00198 -0.10202
   0.85054  0.00299 -0.09928
   0.86665  0.00381 -0.09760
   0.88262  0.00443 -0.09723
   0.89840  0.00486 -0.09858
   0.91391  0.00506 -0.10217
   0.92905  0.00502 -0.10874
   0.94370  0.00473 -0.11918
   0.95766  0.00418 -0.13464
   0.97070  0.00337 -0.15656
   0.98268  0.00230 -0.18672
   0.99347  0.00100 -0.22756
   1.00000  0.00000 -0.22446
