BlendedAirfoil                                  
 Alfa =   6.80000 Re =    40000.000 Xflap,Yflap =     0.000000    0.000000
#    x        y        Cp  
   1.00000  0.00000 -0.25105
   0.99360  0.00192 -0.25469
   0.98272  0.00530 -0.26154
   0.97032  0.00914 -0.26981
   0.95680  0.01317 -0.27943
   0.94246  0.01720 -0.29047
   0.92739  0.02118 -0.30331
   0.91167  0.02516 -0.31821
   0.89549  0.02915 -0.33571
   0.87905  0.03313 -0.35703
   0.86245  0.03708 -0.38583
   0.84577  0.04099 -0.40505
   0.82904  0.04484 -0.40518
   0.81229  0.04864 -0.40527
   0.79553  0.05238 -0.40533
   0.77875  0.05606 -0.40536
   0.76200  0.05967 -0.40535
   0.74535  0.06319 -0.40530
   0.72877  0.06660 -0.40522
   0.71222  0.06990 -0.40511
   0.69568  0.07308 -0.40497
   0.67915  0.07616 -0.40481
   0.66266  0.07911 -0.40461
   0.64620  0.08193 -0.40439
   0.62976  0.08462 -0.40415
   0.61329  0.08718 -0.40389
   0.59681  0.08962 -0.40360
   0.58038  0.09191 -0.40329
   0.56400  0.09406 -0.40296
   0.54760  0.09605 -0.40264
   0.53117  0.09790 -0.40231
   0.51477  0.09961 -0.40197
   0.49845  0.10115 -0.40165
   0.48218  0.10252 -0.40138
   0.46588  0.10371 -0.40116
   0.44957  0.10475 -0.40104
   0.43329  0.10561 -0.40103
   0.41711  0.10630 -0.40123
   0.40098  0.10679 -0.40169
   0.38489  0.10708 -0.40256
   0.36879  0.10718 -0.40401
   0.35270  0.10708 -0.40620
   0.33674  0.10680 -0.40944
   0.32097  0.10629 -0.41413
   0.30526  0.10554 -0.42087
   0.28945  0.10454 -0.43039
   0.27369  0.10335 -0.44343
   0.25820  0.10195 -0.46054
   0.24291  0.10027 -0.48153
   0.22758  0.09831 -0.50693
   0.21226  0.09610 -0.53626
   0.19713  0.09366 -0.56713
   0.18221  0.09095 -0.59694
   0.16741  0.08797 -0.62379
   0.15275  0.08473 -0.64908
   0.13836  0.08125 -0.67121
   0.12444  0.07757 -0.69103
   0.11101  0.07364 -0.70356
   0.09797  0.06946 -0.71157
   0.08560  0.06517 -0.72103
   0.07425  0.06087 -0.72495
   0.06387  0.05649 -0.71199
   0.05444  0.05215 -0.70203
   0.04611  0.04801 -0.69714
   0.03891  0.04412 -0.68448
   0.03273  0.04046 -0.66341
   0.02743  0.03701 -0.63451
   0.02288  0.03375 -0.59429
   0.01898  0.03066 -0.54307
   0.01561  0.02774 -0.48632
   0.01272  0.02495 -0.41663
   0.01024  0.02228 -0.33180
   0.00811  0.01971 -0.24022
   0.00630  0.01724 -0.13739
   0.00476  0.01485 -0.01393
   0.00350  0.01255  0.10877
   0.00246  0.01033  0.23782
   0.00163  0.00819  0.36814
   0.00098  0.00612  0.48627
   0.00048  0.00410  0.59757
   0.00015  0.00214  0.70354
   0.00001  0.00024  0.80722
   0.00012 -0.00161  0.90634
   0.00052 -0.00343  0.97473
   0.00123 -0.00524  1.00030
   0.00223 -0.00703  0.98063
   0.00354 -0.00879  0.92597
   0.00514 -0.01048  0.85770
   0.00705 -0.01212  0.78280
   0.00924 -0.01371  0.71634
   0.01171 -0.01530  0.65332
   0.01450 -0.01689  0.58973
   0.01766 -0.01852  0.53062
   0.02125 -0.02021  0.47368
   0.02534 -0.02197  0.41604
   0.03002 -0.02380  0.35655
   0.03539 -0.02569  0.29846
   0.04158 -0.02763  0.24311
   0.04875 -0.02960  0.19418
   0.05710 -0.03158  0.15371
   0.06678 -0.03358  0.12191
   0.07781 -0.03556  0.08784
   0.09010 -0.03747  0.06036
   0.10359 -0.03926  0.03732
   0.11806 -0.04096  0.01550
   0.13314 -0.04249 -0.00665
   0.14862 -0.04385 -0.02614
   0.16445 -0.04503 -0.04312
   0.18059 -0.04604 -0.05679
   0.19691 -0.04691 -0.07154
   0.21328 -0.04763 -0.08519
   0.22971 -0.04819 -0.09739
   0.24629 -0.04860 -0.10736
   0.26296 -0.04890 -0.11781
   0.27961 -0.04908 -0.12811
   0.29624 -0.04912 -0.13696
   0.31291 -0.04903 -0.14490
   0.32963 -0.04882 -0.15249
   0.34633 -0.04849 -0.15940
   0.36298 -0.04803 -0.16558
   0.37961 -0.04745 -0.17019
   0.39623 -0.04673 -0.17464
   0.41285 -0.04588 -0.17700
   0.42943 -0.04489 -0.17861
   0.44597 -0.04378 -0.17894
   0.46247 -0.04253 -0.17750
   0.47892 -0.04112 -0.17437
   0.49532 -0.03957 -0.16907
   0.51176 -0.03785 -0.16158
   0.52831 -0.03597 -0.15221
   0.54506 -0.03395 -0.14172
   0.56199 -0.03181 -0.13091
   0.57906 -0.02959 -0.12004
   0.59626 -0.02732 -0.10944
   0.61355 -0.02500 -0.09925
   0.63090 -0.02268 -0.08956
   0.64824 -0.02037 -0.08043
   0.66552 -0.01809 -0.07180
   0.68272 -0.01585 -0.06368
   0.69982 -0.01367 -0.05608
   0.71684 -0.01156 -0.04898
   0.73379 -0.00953 -0.04236
   0.75067 -0.00760 -0.03622
   0.76746 -0.00576 -0.03059
   0.78418 -0.00404 -0.02553
   0.80079 -0.00245 -0.02113
   0.81731 -0.00100 -0.01752
   0.83371  0.00030 -0.01492
   0.85000  0.00143 -0.01361
   0.86619  0.00238 -0.01397
   0.88223  0.00314 -0.01642
   0.89808  0.00370 -0.02161
   0.91366  0.00404 -0.03036
   0.92887  0.00415 -0.04401
   0.94358  0.00401 -0.06420
   0.95760  0.00361 -0.09305
   0.97069  0.00296 -0.13442
   0.98268  0.00205 -0.19404
   0.99348  0.00090 -0.28678
   1.00000  0.00000 -0.25105
