BlendedAirfoil                                  
 Alfa =   4.50000 Re =    40000.000 Xflap,Yflap =     0.000000    0.000000
#    x        y        Cp  
   1.00000  0.00000 -0.24836
   0.99360  0.00192 -0.25696
   0.98272  0.00530 -0.27632
   0.97032  0.00914 -0.28600
   0.95680  0.01317 -0.28599
   0.94246  0.01720 -0.28599
   0.92739  0.02118 -0.28602
   0.91167  0.02516 -0.28606
   0.89549  0.02915 -0.28610
   0.87905  0.03313 -0.28612
   0.86245  0.03708 -0.28612
   0.84577  0.04099 -0.28611
   0.82904  0.04484 -0.28607
   0.81229  0.04864 -0.28600
   0.79553  0.05238 -0.28591
   0.77875  0.05606 -0.28579
   0.76200  0.05967 -0.28564
   0.74535  0.06319 -0.28546
   0.72877  0.06660 -0.28525
   0.71222  0.06990 -0.28502
   0.69568  0.07308 -0.28477
   0.67915  0.07616 -0.28450
   0.66266  0.07911 -0.28422
   0.64620  0.08193 -0.28392
   0.62976  0.08462 -0.28362
   0.61329  0.08718 -0.28332
   0.59681  0.08962 -0.28303
   0.58038  0.09191 -0.28274
   0.56400  0.09406 -0.28249
   0.54760  0.09605 -0.28230
   0.53117  0.09790 -0.28218
   0.51477  0.09961 -0.28215
   0.49845  0.10115 -0.28227
   0.48218  0.10252 -0.28262
   0.46588  0.10371 -0.28327
   0.44957  0.10475 -0.28432
   0.43329  0.10561 -0.28591
   0.41711  0.10630 -0.28826
   0.40098  0.10679 -0.29162
   0.38489  0.10708 -0.29634
   0.36879  0.10718 -0.30289
   0.35270  0.10708 -0.31184
   0.33674  0.10680 -0.32371
   0.32097  0.10629 -0.33880
   0.30526  0.10554 -0.35696
   0.28945  0.10454 -0.37869
   0.27369  0.10335 -0.40363
   0.25820  0.10195 -0.42949
   0.24291  0.10027 -0.45309
   0.22758  0.09831 -0.47329
   0.21226  0.09610 -0.49100
   0.19713  0.09366 -0.50529
   0.18221  0.09095 -0.51498
   0.16741  0.08797 -0.51996
   0.15275  0.08473 -0.52345
   0.13836  0.08125 -0.52289
   0.12444  0.07757 -0.52019
   0.11101  0.07364 -0.50969
   0.09797  0.06946 -0.49421
   0.08560  0.06517 -0.47957
   0.07425  0.06087 -0.45845
   0.06387  0.05649 -0.41931
   0.05444  0.05215 -0.38130
   0.04611  0.04801 -0.34836
   0.03891  0.04412 -0.30973
   0.03273  0.04046 -0.26245
   0.02743  0.03701 -0.20656
   0.02288  0.03375 -0.14289
   0.01898  0.03066 -0.06967
   0.01561  0.02774  0.00691
   0.01272  0.02495  0.09185
   0.01024  0.02228  0.18896
   0.00811  0.01971  0.28264
   0.00630  0.01724  0.38345
   0.00476  0.01485  0.49356
   0.00350  0.01255  0.60056
   0.00246  0.01033  0.69845
   0.00163  0.00819  0.79524
   0.00098  0.00612  0.87104
   0.00048  0.00410  0.93402
   0.00015  0.00214  0.97869
   0.00001  0.00024  0.99965
   0.00012 -0.00161  0.98054
   0.00052 -0.00343  0.92454
   0.00123 -0.00524  0.82055
   0.00223 -0.00703  0.69693
   0.00354 -0.00879  0.57620
   0.00514 -0.01048  0.45454
   0.00705 -0.01212  0.36391
   0.00924 -0.01371  0.29896
   0.01171 -0.01530  0.23966
   0.01450 -0.01689  0.18528
   0.01766 -0.01852  0.13485
   0.02125 -0.02021  0.08751
   0.02534 -0.02197  0.04074
   0.03002 -0.02380 -0.00878
   0.03539 -0.02569 -0.05254
   0.04158 -0.02763 -0.09437
   0.04875 -0.02960 -0.12725
   0.05710 -0.03158 -0.15082
   0.06678 -0.03358 -0.16573
   0.07781 -0.03556 -0.18051
   0.09010 -0.03747 -0.19176
   0.10359 -0.03926 -0.19815
   0.11806 -0.04096 -0.20583
   0.13314 -0.04249 -0.21507
   0.14862 -0.04385 -0.22325
   0.16445 -0.04503 -0.23020
   0.18059 -0.04604 -0.23467
   0.19691 -0.04691 -0.24117
   0.21328 -0.04763 -0.24691
   0.22971 -0.04819 -0.25178
   0.24629 -0.04860 -0.25563
   0.26296 -0.04890 -0.25964
   0.27961 -0.04908 -0.26447
   0.29624 -0.04912 -0.26746
   0.31291 -0.04903 -0.27054
   0.32963 -0.04882 -0.27315
   0.34633 -0.04849 -0.27522
   0.36298 -0.04803 -0.27691
   0.37961 -0.04745 -0.27727
   0.39623 -0.04673 -0.27685
   0.41285 -0.04588 -0.27497
   0.42943 -0.04489 -0.27256
   0.44597 -0.04378 -0.26823
   0.46247 -0.04253 -0.26311
   0.47892 -0.04112 -0.25570
   0.49532 -0.03957 -0.24693
   0.51176 -0.03785 -0.23621
   0.52831 -0.03597 -0.22419
   0.54506 -0.03395 -0.21178
   0.56199 -0.03181 -0.19951
   0.57906 -0.02959 -0.18772
   0.59626 -0.02732 -0.17663
   0.61355 -0.02500 -0.16621
   0.63090 -0.02268 -0.15653
   0.64824 -0.02037 -0.14749
   0.66552 -0.01809 -0.13905
   0.68272 -0.01585 -0.13114
   0.69982 -0.01367 -0.12369
   0.71684 -0.01156 -0.11664
   0.73379 -0.00953 -0.10992
   0.75067 -0.00760 -0.10351
   0.76746 -0.00576 -0.09737
   0.78418 -0.00404 -0.09150
   0.80079 -0.00245 -0.08591
   0.81731 -0.00100 -0.08066
   0.83371  0.00030 -0.07586
   0.85000  0.00143 -0.07174
   0.86619  0.00238 -0.06863
   0.88223  0.00314 -0.06702
   0.89808  0.00370 -0.06765
   0.91366  0.00404 -0.07148
   0.92887  0.00415 -0.07990
   0.94358  0.00401 -0.09468
   0.95760  0.00361 -0.11804
   0.97069  0.00296 -0.15349
   0.98268  0.00205 -0.20598
   0.99348  0.00090 -0.28637
   1.00000  0.00000 -0.24836
