BlendedAirfoil                                  
 Alfa =   0.30000 Re =    40000.000 Xflap,Yflap =     0.000000    0.000000
#    x        y        Cp  
   1.00000  0.00000 -0.17009
   0.99360  0.00192 -0.16952
   0.98272  0.00530 -0.16932
   0.97032  0.00914 -0.16913
   0.95680  0.01317 -0.16897
   0.94246  0.01720 -0.16886
   0.92739  0.02118 -0.16878
   0.91167  0.02516 -0.16874
   0.89549  0.02915 -0.16870
   0.87905  0.03313 -0.16865
   0.86245  0.03708 -0.16859
   0.84577  0.04099 -0.16853
   0.82904  0.04484 -0.16845
   0.81229  0.04864 -0.16836
   0.79553  0.05238 -0.16826
   0.77875  0.05606 -0.16815
   0.76200  0.05967 -0.16804
   0.74535  0.06319 -0.16793
   0.72877  0.06660 -0.16784
   0.71222  0.06990 -0.16779
   0.69568  0.07308 -0.16779
   0.67915  0.07616 -0.16787
   0.66266  0.07911 -0.16804
   0.64620  0.08193 -0.16835
   0.62976  0.08462 -0.16885
   0.61329  0.08718 -0.16960
   0.59681  0.08962 -0.17066
   0.58038  0.09191 -0.17211
   0.56400  0.09406 -0.17410
   0.54760  0.09605 -0.17677
   0.53117  0.09790 -0.18032
   0.51477  0.09961 -0.18495
   0.49845  0.10115 -0.19097
   0.48218  0.10252 -0.19870
   0.46588  0.10371 -0.20842
   0.44957  0.10475 -0.22018
   0.43329  0.10561 -0.23386
   0.41711  0.10630 -0.24980
   0.40098  0.10679 -0.26761
   0.38489  0.10708 -0.28654
   0.36879  0.10718 -0.30521
   0.35270  0.10708 -0.32319
   0.33674  0.10680 -0.34010
   0.32097  0.10629 -0.35451
   0.30526  0.10554 -0.36424
   0.28945  0.10454 -0.37189
   0.27369  0.10335 -0.37852
   0.25820  0.10195 -0.38238
   0.24291  0.10027 -0.37931
   0.22758  0.09831 -0.37234
   0.21226  0.09610 -0.36333
   0.19713  0.09366 -0.35162
   0.18221  0.09095 -0.33536
   0.16741  0.08797 -0.31418
   0.15275  0.08473 -0.29179
   0.13836  0.08125 -0.26736
   0.12444  0.07757 -0.23723
   0.11101  0.07364 -0.19915
   0.09797  0.06946 -0.15483
   0.08560  0.06517 -0.11212
   0.07425  0.06087 -0.06399
   0.06387  0.05649  0.00351
   0.05444  0.05215  0.07041
   0.04611  0.04801  0.13454
   0.03891  0.04412  0.19889
   0.03273  0.04046  0.27160
   0.02743  0.03701  0.34632
   0.02288  0.03375  0.42713
   0.01898  0.03066  0.50813
   0.01561  0.02774  0.58964
   0.01272  0.02495  0.67148
   0.01024  0.02228  0.74725
   0.00811  0.01971  0.82364
   0.00630  0.01724  0.88738
   0.00476  0.01485  0.94106
   0.00350  0.01255  0.98122
   0.00246  0.01033  0.99876
   0.00163  0.00819  0.99449
   0.00098  0.00612  0.96317
   0.00048  0.00410  0.89466
   0.00015  0.00214  0.77586
   0.00001  0.00024  0.59605
   0.00012 -0.00161  0.35192
   0.00052 -0.00343  0.08444
   0.00123 -0.00524 -0.17164
   0.00223 -0.00703 -0.37881
   0.00354 -0.00879 -0.54508
   0.00514 -0.01048 -0.64775
   0.00705 -0.01212 -0.69674
   0.00924 -0.01371 -0.70921
   0.01171 -0.01530 -0.71051
   0.01450 -0.01689 -0.71092
   0.01766 -0.01852 -0.70554
   0.02125 -0.02021 -0.70585
   0.02534 -0.02197 -0.70562
   0.03002 -0.02380 -0.71160
   0.03539 -0.02569 -0.71408
   0.04158 -0.02763 -0.71248
   0.04875 -0.02960 -0.70475
   0.05710 -0.03158 -0.68648
   0.06678 -0.03358 -0.66160
   0.07781 -0.03556 -0.63717
   0.09010 -0.03747 -0.61073
   0.10359 -0.03926 -0.58404
   0.11806 -0.04096 -0.56161
   0.13314 -0.04249 -0.54291
   0.14862 -0.04385 -0.52628
   0.16445 -0.04503 -0.51163
   0.18059 -0.04604 -0.49662
   0.19691 -0.04691 -0.48497
   0.21328 -0.04763 -0.47398
   0.22971 -0.04819 -0.46374
   0.24629 -0.04860 -0.45299
   0.26296 -0.04890 -0.44357
   0.27961 -0.04908 -0.43498
   0.29624 -0.04912 -0.42594
   0.31291 -0.04903 -0.41634
   0.32963 -0.04882 -0.40700
   0.34633 -0.04849 -0.39718
   0.36298 -0.04803 -0.38672
   0.37961 -0.04745 -0.37583
   0.39623 -0.04673 -0.36423
   0.41285 -0.04588 -0.35171
   0.42943 -0.04489 -0.33905
   0.44597 -0.04378 -0.32602
   0.46247 -0.04253 -0.31315
   0.47892 -0.04112 -0.30076
   0.49532 -0.03957 -0.28941
   0.51176 -0.03785 -0.27929
   0.52831 -0.03597 -0.27032
   0.54506 -0.03395 -0.26226
   0.56199 -0.03181 -0.25530
   0.57906 -0.02959 -0.24934
   0.59626 -0.02732 -0.24425
   0.61355 -0.02500 -0.23985
   0.63090 -0.02268 -0.23601
   0.64824 -0.02037 -0.23260
   0.66552 -0.01809 -0.22954
   0.68272 -0.01585 -0.22675
   0.69982 -0.01367 -0.22416
   0.71684 -0.01156 -0.22171
   0.73379 -0.00953 -0.21935
   0.75067 -0.00760 -0.21705
   0.76746 -0.00576 -0.21479
   0.78418 -0.00404 -0.21252
   0.80079 -0.00245 -0.21023
   0.81731 -0.00100 -0.20790
   0.83371  0.00030 -0.20549
   0.85000  0.00143 -0.20298
   0.86619  0.00238 -0.20034
   0.88223  0.00314 -0.19757
   0.89808  0.00370 -0.19465
   0.91366  0.00404 -0.19155
   0.92887  0.00415 -0.18828
   0.94358  0.00401 -0.18486
   0.95760  0.00361 -0.18133
   0.97069  0.00296 -0.17780
   0.98268  0.00205 -0.17443
   0.99348  0.00090 -0.17140
   1.00000  0.00000 -0.17009
