BlendedAirfoil                                  
 Alfa =   4.85000 Re =    40000.000 Xflap,Yflap =     0.000000    0.000000
#    x        y        Cp  
   1.00000  0.00000 -0.24650
   0.99360  0.00192 -0.25332
   0.98272  0.00530 -0.26704
   0.97032  0.00914 -0.28665
   0.95680  0.01317 -0.30620
   0.94246  0.01720 -0.30624
   0.92739  0.02118 -0.30629
   0.91167  0.02516 -0.30636
   0.89549  0.02915 -0.30642
   0.87905  0.03313 -0.30647
   0.86245  0.03708 -0.30649
   0.84577  0.04099 -0.30650
   0.82904  0.04484 -0.30648
   0.81229  0.04864 -0.30643
   0.79553  0.05238 -0.30636
   0.77875  0.05606 -0.30626
   0.76200  0.05967 -0.30612
   0.74535  0.06319 -0.30596
   0.72877  0.06660 -0.30576
   0.71222  0.06990 -0.30555
   0.69568  0.07308 -0.30531
   0.67915  0.07616 -0.30505
   0.66266  0.07911 -0.30478
   0.64620  0.08193 -0.30448
   0.62976  0.08462 -0.30418
   0.61329  0.08718 -0.30388
   0.59681  0.08962 -0.30357
   0.58038  0.09191 -0.30327
   0.56400  0.09406 -0.30299
   0.54760  0.09605 -0.30276
   0.53117  0.09790 -0.30258
   0.51477  0.09961 -0.30247
   0.49845  0.10115 -0.30248
   0.48218  0.10252 -0.30267
   0.46588  0.10371 -0.30311
   0.44957  0.10475 -0.30388
   0.43329  0.10561 -0.30511
   0.41711  0.10630 -0.30695
   0.40098  0.10679 -0.30966
   0.38489  0.10708 -0.31352
   0.36879  0.10718 -0.31896
   0.35270  0.10708 -0.32647
   0.33674  0.10680 -0.33665
   0.32097  0.10629 -0.35002
   0.30526  0.10554 -0.36668
   0.28945  0.10454 -0.38684
   0.27369  0.10335 -0.41082
   0.25820  0.10195 -0.43717
   0.24291  0.10027 -0.46232
   0.22758  0.09831 -0.48470
   0.21226  0.09610 -0.50579
   0.19713  0.09366 -0.52287
   0.18221  0.09095 -0.53584
   0.16741  0.08797 -0.54406
   0.15275  0.08473 -0.55023
   0.13836  0.08125 -0.55366
   0.12444  0.07757 -0.55401
   0.11101  0.07364 -0.54614
   0.09797  0.06946 -0.53333
   0.08560  0.06517 -0.52333
   0.07425  0.06087 -0.50588
   0.06387  0.05649 -0.46989
   0.05444  0.05215 -0.43653
   0.04611  0.04801 -0.40648
   0.03891  0.04412 -0.37372
   0.03273  0.04046 -0.32783
   0.02743  0.03701 -0.27692
   0.02288  0.03375 -0.21817
   0.01898  0.03066 -0.15056
   0.01561  0.02774 -0.06995
   0.01272  0.02495  0.01315
   0.01024  0.02228  0.10587
   0.00811  0.01971  0.20296
   0.00630  0.01724  0.31442
   0.00476  0.01485  0.41589
   0.00350  0.01255  0.52599
   0.00246  0.01033  0.63756
   0.00163  0.00819  0.73378
   0.00098  0.00612  0.82283
   0.00048  0.00410  0.89564
   0.00015  0.00214  0.95369
   0.00001  0.00024  0.99421
   0.00012 -0.00161  0.99719
   0.00052 -0.00343  0.95959
   0.00123 -0.00524  0.87464
   0.00223 -0.00703  0.77234
   0.00354 -0.00879  0.65190
   0.00514 -0.01048  0.54290
   0.00705 -0.01212  0.45170
   0.00924 -0.01371  0.38564
   0.01171 -0.01530  0.32089
   0.01450 -0.01689  0.26365
   0.01766 -0.01852  0.21012
   0.02125 -0.02021  0.16107
   0.02534 -0.02197  0.10909
   0.03002 -0.02380  0.05910
   0.03539 -0.02569  0.01233
   0.04158 -0.02763 -0.03280
   0.04875 -0.02960 -0.07048
   0.05710 -0.03158 -0.09471
   0.06678 -0.03358 -0.11501
   0.07781 -0.03556 -0.13264
   0.09010 -0.03747 -0.14725
   0.10359 -0.03926 -0.15645
   0.11806 -0.04096 -0.16654
   0.13314 -0.04249 -0.17842
   0.14862 -0.04385 -0.18813
   0.16445 -0.04503 -0.19726
   0.18059 -0.04604 -0.20366
   0.19691 -0.04691 -0.21140
   0.21328 -0.04763 -0.21841
   0.22971 -0.04819 -0.22514
   0.24629 -0.04860 -0.22985
   0.26296 -0.04890 -0.23485
   0.27961 -0.04908 -0.24039
   0.29624 -0.04912 -0.24480
   0.31291 -0.04903 -0.24828
   0.32963 -0.04882 -0.25214
   0.34633 -0.04849 -0.25501
   0.36298 -0.04803 -0.25718
   0.37961 -0.04745 -0.25860
   0.39623 -0.04673 -0.25903
   0.41285 -0.04588 -0.25769
   0.42943 -0.04489 -0.25611
   0.44597 -0.04378 -0.25262
   0.46247 -0.04253 -0.24787
   0.47892 -0.04112 -0.24143
   0.49532 -0.03957 -0.23312
   0.51176 -0.03785 -0.22299
   0.52831 -0.03597 -0.21133
   0.54506 -0.03395 -0.19918
   0.56199 -0.03181 -0.18707
   0.57906 -0.02959 -0.17532
   0.59626 -0.02732 -0.16417
   0.61355 -0.02500 -0.15369
   0.63090 -0.02268 -0.14388
   0.64824 -0.02037 -0.13471
   0.66552 -0.01809 -0.12613
   0.68272 -0.01585 -0.11808
   0.69982 -0.01367 -0.11050
   0.71684 -0.01156 -0.10334
   0.73379 -0.00953 -0.09653
   0.75067 -0.00760 -0.09006
   0.76746 -0.00576 -0.08389
   0.78418 -0.00404 -0.07804
   0.80079 -0.00245 -0.07254
   0.81731 -0.00100 -0.06747
   0.83371  0.00030 -0.06298
   0.85000  0.00143 -0.05929
   0.86619  0.00238 -0.05679
   0.88223  0.00314 -0.05595
   0.89808  0.00370 -0.05751
   0.91366  0.00404 -0.06238
   0.92887  0.00415 -0.07195
   0.94358  0.00401 -0.08793
   0.95760  0.00361 -0.11256
   0.97069  0.00296 -0.14937
   0.98268  0.00205 -0.20344
   0.99348  0.00090 -0.28627
   1.00000  0.00000 -0.24650
