BlendedAirfoil                                  
 Alfa =   3.90000 Re =    40000.000 Xflap,Yflap =     0.000000    0.000000
#    x        y        Cp  
   1.00000  0.00000 -0.25107
   0.99360  0.00192 -0.25076
   0.98272  0.00530 -0.25068
   0.97032  0.00914 -0.25060
   0.95680  0.01317 -0.25054
   0.94246  0.01720 -0.25051
   0.92739  0.02118 -0.25049
   0.91167  0.02516 -0.25050
   0.89549  0.02915 -0.25050
   0.87905  0.03313 -0.25048
   0.86245  0.03708 -0.25045
   0.84577  0.04099 -0.25040
   0.82904  0.04484 -0.25033
   0.81229  0.04864 -0.25024
   0.79553  0.05238 -0.25011
   0.77875  0.05606 -0.24997
   0.76200  0.05967 -0.24979
   0.74535  0.06319 -0.24958
   0.72877  0.06660 -0.24935
   0.71222  0.06990 -0.24910
   0.69568  0.07308 -0.24883
   0.67915  0.07616 -0.24856
   0.66266  0.07911 -0.24826
   0.64620  0.08193 -0.24797
   0.62976  0.08462 -0.24767
   0.61329  0.08718 -0.24739
   0.59681  0.08962 -0.24713
   0.58038  0.09191 -0.24689
   0.56400  0.09406 -0.24671
   0.54760  0.09605 -0.24661
   0.53117  0.09790 -0.24662
   0.51477  0.09961 -0.24677
   0.49845  0.10115 -0.24714
   0.48218  0.10252 -0.24782
   0.46588  0.10371 -0.24891
   0.44957  0.10475 -0.25055
   0.43329  0.10561 -0.25293
   0.41711  0.10630 -0.25629
   0.40098  0.10679 -0.26098
   0.38489  0.10708 -0.26745
   0.36879  0.10718 -0.27623
   0.35270  0.10708 -0.28787
   0.33674  0.10680 -0.30253
   0.32097  0.10629 -0.32004
   0.30526  0.10554 -0.34088
   0.28945  0.10454 -0.36412
   0.27369  0.10335 -0.38882
   0.25820  0.10195 -0.41247
   0.24291  0.10027 -0.43219
   0.22758  0.09831 -0.44764
   0.21226  0.09610 -0.46043
   0.19713  0.09366 -0.46983
   0.18221  0.09095 -0.47429
   0.16741  0.08797 -0.47437
   0.15275  0.08473 -0.47252
   0.13836  0.08125 -0.46732
   0.12444  0.07757 -0.46023
   0.11101  0.07364 -0.44226
   0.09797  0.06946 -0.42219
   0.08560  0.06517 -0.40115
   0.07425  0.06087 -0.37497
   0.06387  0.05649 -0.32987
   0.05444  0.05215 -0.28442
   0.04611  0.04801 -0.24561
   0.03891  0.04412 -0.20126
   0.03273  0.04046 -0.14580
   0.02743  0.03701 -0.08574
   0.02288  0.03375 -0.01459
   0.01898  0.03066  0.05876
   0.01561  0.02774  0.14157
   0.01272  0.02495  0.22586
   0.01024  0.02228  0.31755
   0.00811  0.01971  0.41429
   0.00630  0.01724  0.51423
   0.00476  0.01485  0.61844
   0.00350  0.01255  0.71098
   0.00246  0.01033  0.79889
   0.00163  0.00819  0.87540
   0.00098  0.00612  0.93589
   0.00048  0.00410  0.97870
   0.00015  0.00214  0.99909
   0.00001  0.00024  0.98585
   0.00012 -0.00161  0.93139
   0.00052 -0.00343  0.83106
   0.00123 -0.00524  0.69547
   0.00223 -0.00703  0.54854
   0.00354 -0.00879  0.40716
   0.00514 -0.01048  0.28767
   0.00705 -0.01212  0.20061
   0.00924 -0.01371  0.13483
   0.01171 -0.01530  0.08300
   0.01450 -0.01689  0.03768
   0.01766 -0.01852 -0.00878
   0.02125 -0.02021 -0.04939
   0.02534 -0.02197 -0.09242
   0.03002 -0.02380 -0.13257
   0.03539 -0.02569 -0.17146
   0.04158 -0.02763 -0.20636
   0.04875 -0.02960 -0.23532
   0.05710 -0.03158 -0.25024
   0.06678 -0.03358 -0.26043
   0.07781 -0.03556 -0.26737
   0.09010 -0.03747 -0.27231
   0.10359 -0.03926 -0.27416
   0.11806 -0.04096 -0.27622
   0.13314 -0.04249 -0.28151
   0.14862 -0.04385 -0.28502
   0.16445 -0.04503 -0.28887
   0.18059 -0.04604 -0.29089
   0.19691 -0.04691 -0.29429
   0.21328 -0.04763 -0.29743
   0.22971 -0.04819 -0.30050
   0.24629 -0.04860 -0.30234
   0.26296 -0.04890 -0.30400
   0.27961 -0.04908 -0.30672
   0.29624 -0.04912 -0.30874
   0.31291 -0.04903 -0.30982
   0.32963 -0.04882 -0.31080
   0.34633 -0.04849 -0.31144
   0.36298 -0.04803 -0.31138
   0.37961 -0.04745 -0.31053
   0.39623 -0.04673 -0.30847
   0.41285 -0.04588 -0.30538
   0.42943 -0.04489 -0.30155
   0.44597 -0.04378 -0.29611
   0.46247 -0.04253 -0.28929
   0.47892 -0.04112 -0.28088
   0.49532 -0.03957 -0.27094
   0.51176 -0.03785 -0.25940
   0.52831 -0.03597 -0.24682
   0.54506 -0.03395 -0.23406
   0.56199 -0.03181 -0.22168
   0.57906 -0.02959 -0.20996
   0.59626 -0.02732 -0.19907
   0.61355 -0.02500 -0.18898
   0.63090 -0.02268 -0.17965
   0.64824 -0.02037 -0.17098
   0.66552 -0.01809 -0.16291
   0.68272 -0.01585 -0.15534
   0.69982 -0.01367 -0.14821
   0.71684 -0.01156 -0.14146
   0.73379 -0.00953 -0.13501
   0.75067 -0.00760 -0.12884
   0.76746 -0.00576 -0.12290
   0.78418 -0.00404 -0.11717
   0.80079 -0.00245 -0.11161
   0.81731 -0.00100 -0.10624
   0.83371  0.00030 -0.10111
   0.85000  0.00143 -0.09634
   0.86619  0.00238 -0.09220
   0.88223  0.00314 -0.08915
   0.89808  0.00370 -0.08791
   0.91366  0.00404 -0.08947
   0.92887  0.00415 -0.09528
   0.94358  0.00401 -0.10716
   0.95760  0.00361 -0.12745
   0.97069  0.00296 -0.15948
   0.98268  0.00205 -0.20800
   0.99348  0.00090 -0.28264
   1.00000  0.00000 -0.25107
