#    s        x        y     Ue/Vinf    Dstar     Theta      Cf       H
   0.00000  1.00000  0.00000  0.94007  0.057468  0.014009 -0.000023     4.102
   0.00667  0.99364  0.00201  0.94169  0.054495  0.013865 -0.000010     3.930
   0.01801  0.98283  0.00544  0.94560  0.051777  0.013531  0.000001     3.827
   0.03089  0.97055  0.00931  0.95052  0.048971  0.013131  0.000012     3.729
   0.04491  0.95712  0.01335  0.95656  0.046295  0.012666  0.000024     3.655
   0.05974  0.94286  0.01740  0.96381  0.043862  0.012139  0.000032     3.613
   0.07527  0.92786  0.02141  0.97236  0.041710  0.011551  0.000034     3.611
   0.09142  0.91220  0.02541  0.98230  0.039790  0.010909  0.000030     3.648
   0.10802  0.89609  0.02942  0.99364  0.038061  0.010219  0.000018     3.724
   0.12488  0.87971  0.03341  1.00638  0.036507  0.009493 -0.000002     3.846
   0.14188  0.86318  0.03738  1.02057  0.035118  0.008737 -0.000030     4.020
   0.15896  0.84656  0.04130  1.03623  0.033878  0.007958 -0.000063     4.257
   0.17607  0.82989  0.04517  1.05344  0.032771  0.007160 -0.000098     4.577
   0.19318  0.81321  0.04899  1.07234  0.031776  0.006347 -0.000129     5.007
   0.21029  0.79652  0.05273  1.09325  0.030866  0.005513 -0.000154     5.599
   0.22743  0.77978  0.05643  1.11669  0.030000  0.004651 -0.000177     6.450
   0.24453  0.76308  0.06007  1.14349  0.029110  0.003749 -0.000213     7.765
   0.26151  0.74647  0.06361  1.17552  0.028126  0.002771 -0.000282    10.149
   0.27839  0.72994  0.06704  1.21329  0.026957  0.001742 -0.000446    15.473
   0.29522  0.71344  0.07036  1.21378  0.026118  0.001733 -0.000449    15.074
   0.31203  0.69694  0.07357  1.21419  0.025055  0.001725 -0.000452    14.521
   0.32881  0.68046  0.07667  1.21456  0.023848  0.001720 -0.000455    13.868
   0.34552  0.66401  0.07965  1.21491  0.022542  0.001715 -0.000459    13.148
   0.36216  0.64761  0.08250  1.21527  0.021178  0.001710 -0.000463    12.388
   0.37877  0.63123  0.08521  1.21567  0.019792  0.001704 -0.000467    11.613
   0.39539  0.61480  0.08779  1.21615  0.018390  0.001698 -0.000472    10.830
   0.41202  0.59836  0.09025  1.21672  0.016978  0.001691 -0.000479    10.041
   0.42857  0.58198  0.09257  1.21743  0.015575  0.001682 -0.000488     9.259
   0.44503  0.56566  0.09473  1.21832  0.014212  0.001671 -0.000499     8.503
   0.46148  0.54933  0.09674  1.21949  0.012911  0.001658 -0.000513     7.787
   0.47798  0.53293  0.09860  1.22100  0.011662  0.001642 -0.000531     7.104
   0.49446  0.51655  0.10033  1.22293  0.010456  0.001622 -0.000557     6.446
   0.51082  0.50026  0.10190  1.22542  0.009330  0.001599 -0.000588     5.837
   0.52710  0.48404  0.10328  1.22862  0.008307  0.001571 -0.000607     5.290
   0.54339  0.46779  0.10449  1.23269  0.007397  0.001538 -0.000587     4.811
   0.55971  0.45151  0.10554  1.23769  0.006581  0.001500 -0.000471     4.388
   0.57600  0.43525  0.10643  1.24354  0.005840  0.001459 -0.000201     4.004
   0.59218  0.41907  0.10713  1.25030  0.005210  0.001413  0.000223     3.687
   0.60829  0.40298  0.10765  1.25801  0.004681  0.001363  0.000768     3.434
   0.62434  0.38693  0.10796  1.26637  0.004242  0.001311  0.001389     3.237
   0.64042  0.37085  0.10808  1.27481  0.003894  0.001258  0.001997     3.095
   0.65651  0.35476  0.10800  1.28322  0.003593  0.001206  0.002637     2.979
   0.67249  0.33878  0.10774  1.29166  0.003305  0.001153  0.003415     2.865
   0.68825  0.32303  0.10727  1.29917  0.003065  0.001104  0.004180     2.776
   0.70393  0.30737  0.10654  1.30503  0.002888  0.001060  0.004767     2.723
   0.71975  0.29158  0.10557  1.30950  0.002756  0.001021  0.005157     2.700
   0.73559  0.27578  0.10439  1.31439  0.002598  0.000978  0.005793     2.656
   0.75115  0.26028  0.10302  1.31931  0.002414  0.000933  0.006782     2.587
   0.76650  0.24502  0.10139  1.32107  0.002290  0.000896  0.007428     2.554
   0.78192  0.22972  0.09944  1.32045  0.002209  0.000865  0.007691     2.555
   0.79744  0.21436  0.09725  1.32008  0.002116  0.000831  0.008103     2.546
   0.81279  0.19920  0.09484  1.32018  0.001991  0.000793  0.008956     2.510
   0.82793  0.18429  0.09217  1.31738  0.001902  0.000760  0.009441     2.502
   0.84302  0.16950  0.08922  1.31367  0.001816  0.000728  0.009918     2.496
   0.85806  0.15481  0.08599  1.30883  0.001742  0.000695  0.010208     2.505
   0.87291  0.14036  0.08253  1.30457  0.001649  0.000660  0.010803     2.500
   0.88737  0.12638  0.07886  1.30032  0.001524  0.000620  0.012194     2.457
   0.90140  0.11290  0.07496  1.29096  0.001437  0.000587  0.012944     2.449
   0.91519  0.09977  0.07076  1.27926  0.001382  0.000556  0.012859     2.484
   0.92848  0.08721  0.06643  1.27089  0.001280  0.000517  0.013917     2.475
   0.94079  0.07568  0.06209  1.26092  0.001143  0.000476  0.016671     2.402
   0.95221  0.06515  0.05767  1.24003  0.001075  0.000448  0.017467     2.400
   0.96284  0.05550  0.05322  1.21823  0.001028  0.000421  0.017177     2.443
   0.97241  0.04692  0.04898  1.20186  0.000951  0.000387  0.018121     2.454
   0.98081  0.03952  0.04501  1.18561  0.000853  0.000353  0.020675     2.418
   0.98816  0.03319  0.04127  1.16308  0.000779  0.000324  0.022447     2.407
   0.99463  0.02777  0.03774  1.13698  0.000706  0.000297  0.024911     2.378
   1.00034  0.02313  0.03441  1.10461  0.000649  0.000274  0.026680     2.365
   1.00542  0.01915  0.03125  1.06808  0.000596  0.000254  0.028468     2.351
   1.00996  0.01574  0.02825  1.02672  0.000549  0.000235  0.030062     2.338
   1.01405  0.01281  0.02541  0.98054  0.000507  0.000218  0.031316     2.330
   1.01775  0.01030  0.02269  0.92756  0.000463  0.000202  0.033646     2.292
   1.02112  0.00816  0.02007  0.86509  0.000439  0.000191  0.032898     2.299
   1.02423  0.00634  0.01756  0.80062  0.000408  0.000178  0.033009     2.290
   1.02710  0.00481  0.01513  0.72993  0.000380  0.000166  0.032410     2.286
   1.02975  0.00353  0.01281  0.64902  0.000351  0.000156  0.032488     2.243
   1.03221  0.00250  0.01057  0.55877  0.000343  0.000152  0.028229     2.259
   1.03452  0.00166  0.00842  0.47093  0.000323  0.000143  0.025064     2.265
   1.03670  0.00100  0.00634  0.37186  0.000303  0.000137  0.022090     2.217
   1.03878  0.00049  0.00433  0.26700  0.000306  0.000136  0.015224     2.250
   1.04077  0.00014  0.00237  0.16323  0.000274  0.000122  0.010410     2.247
   1.04268 -0.00001  0.00047  0.03033  0.000233  0.000104  0.002317     2.230
   1.04452  0.00009 -0.00138 -0.12937  0.000233  0.000104  0.009883     2.230
   1.04638  0.00049 -0.00318 -0.27933  0.000244  0.000109  0.020190     2.240
   1.04830  0.00119 -0.00498 -0.42554  0.000249  0.000111  0.030386     2.231
   1.05035  0.00220 -0.00676 -0.54857  0.000281  0.000123  0.032854     2.288
   1.05254  0.00351 -0.00851 -0.65744  0.000297  0.000132  0.038585     2.250
   1.05487  0.00512 -0.01021 -0.74263  0.000343  0.000147  0.035293     2.325
   1.05738  0.00701 -0.01184 -0.80301  0.000388  0.000166  0.033288     2.336
   1.06008  0.00920 -0.01343 -0.84529  0.000449  0.000189  0.029077     2.380
   1.06301  0.01168 -0.01499 -0.87933  0.000498  0.000210  0.027395     2.375
   1.06622  0.01448 -0.01656 -0.91210  0.000540  0.000229  0.026504     2.363
   1.06978  0.01766 -0.01815 -0.93365  0.000618  0.000255  0.022195     2.429
   1.07377  0.02129 -0.01981 -0.95668  0.000659  0.000276  0.022229     2.389
   1.07825  0.02543 -0.02154 -0.97921  0.000713  0.000298  0.020910     2.393
   1.08332  0.03017 -0.02333 -1.00347  0.000757  0.000318  0.020561     2.376
   1.08907  0.03561 -0.02519 -1.02469  0.000823  0.000343  0.018867     2.399
   1.09564  0.04190 -0.02708 -1.04292  0.000897  0.000371  0.017319     2.416
   1.10320  0.04922 -0.02900 -1.05583  0.000996  0.000406  0.015165     2.456
   1.11196  0.05776 -0.03093 -1.06352  0.001115  0.000447  0.013072     2.496
   1.12207  0.06768 -0.03288 -1.06835  0.001239  0.000492  0.011534     2.519
   1.13350  0.07895 -0.03481 -1.07389  0.001343  0.000535  0.010828     2.508
   1.14613  0.09144 -0.03664 -1.07746  0.001472  0.000583  0.009722     2.525
   1.15994  0.10515 -0.03835 -1.07783  0.001629  0.000636  0.008454     2.561
   1.17469  0.11981 -0.03996 -1.08027  0.001730  0.000682  0.008190     2.537
   1.18993  0.13498 -0.04141 -1.08297  0.001836  0.000726  0.007814     2.528
   1.20552  0.15051 -0.04267 -1.08518  0.001947  0.000769  0.007371     2.530
   1.22143  0.16639 -0.04375 -1.08643  0.002066  0.000813  0.006869     2.540
   1.23764  0.18258 -0.04467 -1.08697  0.002187  0.000857  0.006410     2.552
   1.25400  0.19892 -0.04546 -1.08800  0.002285  0.000897  0.006175     2.547
   1.27036  0.21526 -0.04609 -1.08935  0.002371  0.000934  0.006006     2.540
   1.28677  0.23166 -0.04656 -1.08952  0.002485  0.000973  0.005645     2.554
   1.30335  0.24824 -0.04689 -1.08946  0.002594  0.001012  0.005353     2.563
   1.32002  0.26491 -0.04711 -1.08935  0.002694  0.001049  0.005124     2.568
   1.33663  0.28153 -0.04721 -1.08980  0.002772  0.001083  0.005022     2.561
   1.35321  0.29810 -0.04717 -1.08915  0.002885  0.001120  0.004741     2.576
   1.36986  0.31475 -0.04699 -1.08849  0.002987  0.001155  0.004532     2.585
   1.38656  0.33145 -0.04670 -1.08738  0.003098  0.001192  0.004296     2.599
   1.40323  0.34811 -0.04629 -1.08600  0.003211  0.001229  0.004072     2.613
   1.41985  0.36473 -0.04576 -1.08422  0.003332  0.001266  0.003835     2.631
   1.43647  0.38133 -0.04510 -1.08180  0.003472  0.001306  0.003554     2.659
   1.45309  0.39793 -0.04431 -1.07886  0.003626  0.001347  0.003260     2.692
   1.46972  0.41453 -0.04339 -1.07507  0.003815  0.001391  0.002904     2.742
   1.48633  0.43111 -0.04234 -1.07066  0.004032  0.001439  0.002529     2.802
   1.50291  0.44765 -0.04116 -1.06573  0.004280  0.001488  0.002145     2.875
   1.51945  0.46414 -0.03985 -1.06009  0.004593  0.001542  0.001705     2.979
   1.53596  0.48059 -0.03840 -1.05399  0.004986  0.001599  0.001234     3.119
   1.55247  0.49701 -0.03680 -1.04776  0.005488  0.001656  0.000748     3.313
   1.56903  0.51348 -0.03504 -1.04191  0.006119  0.001711  0.000294     3.575
   1.58574  0.53008 -0.03313 -1.03684  0.006878  0.001761 -0.000065     3.906
   1.60264  0.54687 -0.03109 -1.03256  0.007753  0.001804 -0.000293     4.297
   1.61973  0.56382 -0.02896 -1.02884  0.008710  0.001844 -0.000397     4.723
   1.63695  0.58089 -0.02675 -1.02576  0.009727  0.001880 -0.000422     5.174
   1.65426  0.59806 -0.02449 -1.02324  0.010793  0.001911 -0.000415     5.648
   1.67164  0.61529 -0.02221 -1.02116  0.011870  0.001938 -0.000397     6.124
   1.68905  0.63255 -0.01994 -1.01942  0.012940  0.001963 -0.000380     6.592
   1.70644  0.64979 -0.01769 -1.01793  0.013988  0.001985 -0.000367     7.046
   1.72377  0.66698 -0.01547 -1.01663  0.015001  0.002006 -0.000357     7.479
   1.74101  0.68409 -0.01330 -1.01547  0.015963  0.002025 -0.000349     7.882
   1.75815  0.70109 -0.01119 -1.01441  0.016857  0.002044 -0.000342     8.248
   1.77520  0.71802 -0.00917 -1.01341  0.017663  0.002062 -0.000336     8.566
   1.79217  0.73488 -0.00723 -1.01244  0.018379  0.002080 -0.000331     8.835
   1.80907  0.75168 -0.00538 -1.01150  0.018988  0.002099 -0.000326     9.047
   1.82588  0.76841 -0.00365 -1.01055  0.019490  0.002118 -0.000322     9.201
   1.84259  0.78504 -0.00203 -1.00959  0.019859  0.002138 -0.000318     9.287
   1.85920  0.80157 -0.00054 -1.00860  0.020089  0.002160 -0.000314     9.303
   1.87568  0.81800  0.00080 -1.00756  0.020161  0.002182 -0.000311     9.239
   1.89204  0.83432  0.00198 -1.00646  0.020065  0.002207 -0.000308     9.093
   1.90829  0.85054  0.00299 -1.00527  0.019777  0.002233 -0.000306     8.857
   1.92442  0.86665  0.00381 -1.00398  0.019285  0.002261 -0.000304     8.528
   1.94041  0.88262  0.00443 -1.00256  0.018578  0.002292 -0.000302     8.105
   1.95619  0.89840  0.00486 -1.00099  0.017631  0.002325 -0.000302     7.582
   1.97170  0.91391  0.00506 -0.99924  0.016405  0.002361 -0.000304     6.948
   1.98685  0.92905  0.00502 -0.98201  0.014990  0.002721 -0.000200     5.508
   2.00150  0.94370  0.00473 -0.95648  0.013364  0.003254 -0.000082     4.107
   2.01546  0.95766  0.00418 -0.93766  0.011574  0.003641  0.000423     3.178
   2.02853  0.97070  0.00337 -0.92906  0.009760  0.003814  0.001219     2.559
   2.04056  0.98268  0.00230 -0.93216  0.008018  0.003772  0.002263     2.126
   2.05143  0.99347  0.00100 -0.94938  0.006384  0.003525  0.003679     1.811
   2.05803  1.00000  0.00000 -0.94007  0.006613  0.003673  0.003542     1.800
   2.05803  1.00010 -0.00002  0.94007  0.064080  0.017682  0.000000     3.624
   2.06467  1.00659 -0.00142  0.93371  0.059191  0.018345  0.000000     3.227
   2.07243  1.01422 -0.00279  0.92918  0.056523  0.018807  0.000000     3.005
   2.08150  1.02318 -0.00424  0.92484  0.053822  0.019243  0.000000     2.797
   2.09210  1.03366 -0.00578  0.92085  0.051008  0.019639  0.000000     2.597
   2.10448  1.04593 -0.00744  0.91748  0.048009  0.019965  0.000000     2.405
   2.11896  1.06030 -0.00922  0.91511  0.044822  0.020189  0.000000     2.220
   2.13587  1.07711 -0.01113  0.91413  0.041485  0.020278  0.000000     2.046
   2.15564  1.09677 -0.01319  0.91493  0.038077  0.020208  0.000000     1.884
   2.17875  1.11977 -0.01539  0.91775  0.034707  0.019973  0.000000     1.738
   2.20575  1.14667 -0.01774  0.92258  0.031498  0.019591  0.000000     1.608
   2.23731  1.17813 -0.02023  0.92914  0.028565  0.019105  0.000000     1.495
   2.27420  1.21492 -0.02286  0.93684  0.025988  0.018569  0.000000     1.400
   2.31730  1.25794 -0.02561  0.94501  0.023798  0.018036  0.000000     1.320
   2.36768  1.30824 -0.02847  0.95302  0.021984  0.017542  0.000000     1.253
   2.42656  1.36705 -0.03140  0.96047  0.020507  0.017107  0.000000     1.199
   2.49537  1.43580 -0.03436  0.96714  0.019318  0.016735  0.000000     1.154
   2.57580  1.51616 -0.03732  0.97297  0.018373  0.016423  0.000000     1.119
   2.66978  1.61011 -0.04020  0.97798  0.017627  0.016163  0.000000     1.091
   2.77963  1.71992 -0.04292  0.98221  0.017046  0.015950  0.000000     1.069
   2.90801  1.84827 -0.04540  0.98573  0.016597  0.015776  0.000000     1.052
   3.05804  1.99829 -0.04751  0.98952  0.016208  0.015593  0.000000     1.039
