BlendedAirfoil                                  
 Alfa =   0.00000 Re =    90000.000 Xflap,Yflap =     0.000000    0.000000
#    x        y        Cp  
   1.00000  0.00000  0.09845
   0.99364  0.00201  0.09396
   0.98283  0.00544  0.08444
   0.97055  0.00931  0.07255
   0.95712  0.01335  0.05814
   0.94286  0.01740  0.04111
   0.92786  0.02141  0.02122
   0.91220  0.02541 -0.00182
   0.89609  0.02942 -0.02816
   0.87971  0.03341 -0.05799
   0.86318  0.03738 -0.09175
   0.84656  0.04130 -0.13015
   0.82989  0.04517 -0.17434
   0.81321  0.04899 -0.22685
   0.79652  0.05273 -0.29253
   0.77978  0.05643 -0.34315
   0.76308  0.06007 -0.34385
   0.74647  0.06361 -0.34440
   0.72994  0.06704 -0.34488
   0.71344  0.07036 -0.34535
   0.69694  0.07357 -0.34585
   0.68046  0.07667 -0.34643
   0.66401  0.07965 -0.34714
   0.64761  0.08250 -0.34804
   0.63123  0.08521 -0.34924
   0.61480  0.08779 -0.35086
   0.59836  0.09025 -0.35298
   0.58198  0.09257 -0.35578
   0.56566  0.09473 -0.35948
   0.54933  0.09674 -0.36440
   0.53293  0.09860 -0.37082
   0.51655  0.10033 -0.37905
   0.50026  0.10190 -0.38936
   0.48404  0.10328 -0.40171
   0.46779  0.10449 -0.41605
   0.45151  0.10554 -0.43273
   0.43525  0.10643 -0.45138
   0.41907  0.10713 -0.47079
   0.40298  0.10765 -0.49022
   0.38693  0.10796 -0.50810
   0.37085  0.10808 -0.52470
   0.35476  0.10800 -0.53953
   0.33878  0.10774 -0.55423
   0.32303  0.10727 -0.56632
   0.30737  0.10654 -0.57305
   0.29158  0.10557 -0.57592
   0.27578  0.10439 -0.58062
   0.26028  0.10302 -0.58484
   0.24502  0.10139 -0.58163
   0.22972  0.09944 -0.56964
   0.21436  0.09725 -0.56085
   0.19920  0.09484 -0.55082
   0.18429  0.09217 -0.53406
   0.16950  0.08922 -0.51379
   0.15481  0.08599 -0.49112
   0.14036  0.08253 -0.46726
   0.12638  0.07886 -0.44285
   0.11290  0.07496 -0.40625
   0.09977  0.07076 -0.36223
   0.08721  0.06643 -0.32521
   0.07568  0.06209 -0.28342
   0.06515  0.05767 -0.21677
   0.05550  0.05322 -0.14635
   0.04692  0.04898 -0.09049
   0.03952  0.04501 -0.03148
   0.03319  0.04127  0.03746
   0.02777  0.03774  0.11359
   0.02313  0.03441  0.19661
   0.01915  0.03125  0.28264
   0.01574  0.02825  0.37092
   0.01281  0.02541  0.46398
   0.01030  0.02269  0.55402
   0.00816  0.02007  0.65117
   0.00634  0.01756  0.73739
   0.00481  0.01513  0.82397
   0.00353  0.01281  0.89041
   0.00250  0.01057  0.94675
   0.00166  0.00842  0.98443
   0.00100  0.00634  0.99960
   0.00049  0.00433  0.98931
   0.00014  0.00237  0.94179
  -0.00001  0.00047  0.84798
   0.00009 -0.00138  0.68665
   0.00049 -0.00318  0.48139
   0.00119 -0.00498  0.29083
   0.00220 -0.00676  0.08956
   0.00351 -0.00851 -0.06518
   0.00512 -0.01021 -0.18485
   0.00701 -0.01184 -0.26396
   0.00920 -0.01343 -0.30608
   0.01168 -0.01499 -0.33555
   0.01448 -0.01656 -0.35566
   0.01766 -0.01815 -0.37044
   0.02129 -0.01981 -0.38324
   0.02543 -0.02154 -0.40130
   0.03017 -0.02333 -0.42130
   0.03561 -0.02519 -0.44350
   0.04190 -0.02708 -0.45755
   0.04922 -0.02900 -0.45917
   0.05776 -0.03093 -0.45182
   0.06768 -0.03288 -0.43713
   0.07895 -0.03481 -0.42629
   0.09144 -0.03664 -0.41166
   0.10515 -0.03835 -0.39309
   0.11981 -0.03996 -0.38159
   0.13498 -0.04141 -0.37164
   0.15051 -0.04267 -0.36330
   0.16639 -0.04375 -0.35342
   0.18258 -0.04467 -0.34383
   0.19892 -0.04546 -0.33720
   0.21526 -0.04609 -0.33059
   0.23166 -0.04656 -0.32374
   0.24824 -0.04689 -0.31554
   0.26491 -0.04711 -0.30895
   0.28153 -0.04721 -0.30200
   0.29810 -0.04717 -0.29486
   0.31475 -0.04699 -0.28651
   0.33145 -0.04670 -0.27797
   0.34811 -0.04629 -0.26862
   0.36473 -0.04576 -0.25895
   0.38133 -0.04510 -0.24764
   0.39793 -0.04431 -0.23552
   0.41453 -0.04339 -0.22254
   0.43111 -0.04234 -0.20919
   0.44765 -0.04116 -0.19592
   0.46414 -0.03985 -0.18344
   0.48059 -0.03840 -0.17239
   0.49701 -0.03680 -0.16299
   0.51348 -0.03504 -0.15488
   0.53008 -0.03313 -0.14830
   0.54687 -0.03109 -0.14311
   0.56382 -0.02896 -0.13905
   0.58089 -0.02675 -0.13585
   0.59806 -0.02449 -0.13328
   0.61529 -0.02221 -0.13115
   0.63255 -0.01994 -0.12932
   0.64979 -0.01769 -0.12769
   0.66698 -0.01547 -0.12620
   0.68409 -0.01330 -0.12480
   0.70109 -0.01119 -0.12342
   0.71802 -0.00917 -0.12203
   0.73488 -0.00723 -0.12060
   0.75168 -0.00538 -0.11908
   0.76841 -0.00365 -0.11747
   0.78504 -0.00203 -0.11570
   0.80157 -0.00054 -0.11376
   0.81800  0.00080 -0.11156
   0.83432  0.00198 -0.10902
   0.85054  0.00299 -0.05060
   0.86665  0.00381  0.00796
   0.88262  0.00443  0.06402
   0.89840  0.00486  0.10933
   0.91391  0.00506  0.14075
   0.92905  0.00502  0.15964
   0.94370  0.00473  0.16681
   0.95766  0.00418  0.16284
   0.97070  0.00337  0.14754
   0.98268  0.00230  0.11961
   0.99347  0.00100  0.07473
   1.00000  0.00000  0.09845
