#    s        x        y     Ue/Vinf    Dstar     Theta      Cf       H
   0.00000  1.00000  0.00000  0.92713  0.050516  0.013098 -0.000027     3.857
   0.00667  0.99364  0.00201  0.92920  0.047771  0.012930 -0.000014     3.695
   0.01801  0.98283  0.00544  0.93421  0.045264  0.012543 -0.000006     3.609
   0.03089  0.97055  0.00931  0.94064  0.042718  0.012072  0.000002     3.539
   0.04491  0.95712  0.01335  0.94866  0.040355  0.011519  0.000006     3.503
   0.05974  0.94286  0.01740  0.95836  0.038285  0.010891  0.000005     3.515
   0.07527  0.92786  0.02141  0.96988  0.036539  0.010191 -0.000006     3.585
   0.09142  0.91220  0.02541  0.98337  0.035059  0.009425 -0.000026     3.720
   0.10802  0.89609  0.02942  0.99881  0.033789  0.008608 -0.000053     3.925
   0.12488  0.87971  0.03341  1.01613  0.032698  0.007754 -0.000085     4.217
   0.14188  0.86318  0.03738  1.03539  0.031758  0.006873 -0.000115     4.620
   0.15896  0.84656  0.04130  1.05684  0.030931  0.005966 -0.000140     5.184
   0.17607  0.82989  0.04517  1.08097  0.030175  0.005027 -0.000162     6.003
   0.19318  0.81321  0.04899  1.10868  0.029430  0.004039 -0.000192     7.287
   0.21029  0.79652  0.05273  1.14243  0.028589  0.002948 -0.000250     9.698
   0.22743  0.77978  0.05643  1.18837  0.027401  0.001604 -0.000304    17.088
   0.24453  0.76308  0.06007  1.18145  0.026757  0.001798 -0.000422    14.879
   0.26151  0.74647  0.06361  1.18185  0.025717  0.001791 -0.000425    14.361
   0.27839  0.72994  0.06704  1.18221  0.024535  0.001785 -0.000428    13.748
   0.29522  0.71344  0.07036  1.18255  0.023255  0.001779 -0.000430    13.070
   0.31203  0.69694  0.07357  1.18290  0.021905  0.001774 -0.000434    12.347
   0.32881  0.68046  0.07667  1.18328  0.020514  0.001769 -0.000437    11.597
   0.34552  0.66401  0.07965  1.18370  0.019096  0.001763 -0.000442    10.832
   0.36216  0.64761  0.08250  1.18422  0.017679  0.001756 -0.000447    10.067
   0.37877  0.63123  0.08521  1.18486  0.016288  0.001748 -0.000454     9.321
   0.39539  0.61480  0.08779  1.18568  0.014928  0.001737 -0.000463     8.594
   0.41202  0.59836  0.09025  1.18672  0.013594  0.001724 -0.000474     7.884
   0.42857  0.58198  0.09257  1.18804  0.012307  0.001709 -0.000489     7.202
   0.44503  0.56566  0.09473  1.18973  0.011092  0.001690 -0.000509     6.562
   0.46148  0.54933  0.09674  1.19193  0.009971  0.001668 -0.000535     5.979
   0.47798  0.53293  0.09860  1.19474  0.008927  0.001641 -0.000563     5.440
   0.49446  0.51655  0.10033  1.19828  0.007951  0.001609 -0.000568     4.940
   0.51082  0.50026  0.10190  1.20265  0.007071  0.001574 -0.000512     4.494
   0.52710  0.48404  0.10328  1.20784  0.006312  0.001534 -0.000345     4.115
   0.54339  0.46779  0.10449  1.21377  0.005666  0.001490 -0.000050     3.802
   0.55971  0.45151  0.10554  1.22060  0.005106  0.001442  0.000373     3.540
   0.57600  0.43525  0.10643  1.22824  0.004617  0.001390  0.000916     3.321
   0.59218  0.41907  0.10713  1.23624  0.004213  0.001337  0.001512     3.151
   0.60829  0.40298  0.10765  1.24421  0.003876  0.001284  0.002132     3.018
   0.62434  0.38693  0.10796  1.25168  0.003607  0.001234  0.002706     2.923
   0.64042  0.37085  0.10808  1.25869  0.003375  0.001185  0.003273     2.847
   0.65651  0.35476  0.10800  1.26510  0.003171  0.001139  0.003825     2.785
   0.67249  0.33878  0.10774  1.27131  0.002966  0.001092  0.004503     2.717
   0.68825  0.32303  0.10727  1.27665  0.002778  0.001047  0.005233     2.653
   0.70393  0.30737  0.10654  1.27981  0.002648  0.001009  0.005701     2.625
   0.71975  0.29158  0.10557  1.28177  0.002546  0.000973  0.006008     2.616
   0.73559  0.27578  0.10439  1.28434  0.002414  0.000934  0.006595     2.584
   0.75115  0.26028  0.10302  1.28692  0.002252  0.000892  0.007577     2.524
   0.76650  0.24502  0.10139  1.28591  0.002147  0.000859  0.008150     2.500
   0.78192  0.22972  0.09944  1.28251  0.002082  0.000830  0.008323     2.507
   0.79744  0.21436  0.09725  1.27983  0.001991  0.000797  0.008788     2.497
   0.81279  0.19920  0.09484  1.27689  0.001881  0.000762  0.009573     2.468
   0.82793  0.18429  0.09217  1.27113  0.001799  0.000731  0.010042     2.460
   0.84302  0.16950  0.08922  1.26404  0.001726  0.000701  0.010389     2.462
   0.85806  0.15481  0.08599  1.25650  0.001648  0.000669  0.010813     2.463
   0.87291  0.14036  0.08253  1.24839  0.001565  0.000636  0.011314     2.462
   0.88737  0.12638  0.07886  1.24008  0.001452  0.000598  0.012560     2.428
   0.90140  0.11290  0.07496  1.22698  0.001363  0.000565  0.013459     2.411
   0.91519  0.09977  0.07076  1.21026  0.001311  0.000536  0.013345     2.445
   0.92848  0.08721  0.06643  1.19652  0.001223  0.000500  0.014071     2.448
   0.94079  0.07568  0.06209  1.18164  0.001088  0.000459  0.016885     2.371
   0.95221  0.06515  0.05767  1.15426  0.001023  0.000432  0.017594     2.368
   0.96284  0.05550  0.05322  1.12569  0.000977  0.000407  0.017349     2.404
   0.97241  0.04692  0.04898  1.10207  0.000908  0.000375  0.017922     2.421
   0.98081  0.03952  0.04501  1.07883  0.000812  0.000341  0.020390     2.384
   0.98816  0.03319  0.04127  1.04790  0.000740  0.000313  0.022067     2.366
   0.99463  0.02777  0.03774  1.01245  0.000680  0.000289  0.023380     2.357
   1.00034  0.02313  0.03441  0.97288  0.000621  0.000266  0.025125     2.335
   1.00542  0.01915  0.03125  0.92678  0.000572  0.000247  0.026367     2.318
   1.00996  0.01574  0.02825  0.87705  0.000536  0.000229  0.026170     2.334
   1.01405  0.01281  0.02541  0.82431  0.000483  0.000211  0.028335     2.293
   1.01775  0.01030  0.02269  0.76003  0.000452  0.000198  0.028106     2.287
   1.02112  0.00816  0.02007  0.69129  0.000422  0.000185  0.027200     2.281
   1.02423  0.00634  0.01756  0.61642  0.000393  0.000173  0.026635     2.269
   1.02710  0.00481  0.01513  0.53326  0.000368  0.000164  0.024375     2.251
   1.02975  0.00353  0.01281  0.44561  0.000351  0.000155  0.021416     2.268
   1.03221  0.00250  0.01057  0.35028  0.000326  0.000147  0.018314     2.217
   1.03452  0.00166  0.00842  0.25077  0.000326  0.000144  0.012628     2.261
   1.03670  0.00100  0.00634  0.14952  0.000289  0.000129  0.008106     2.236
   1.03878  0.00049  0.00433  0.02832  0.000274  0.000123  0.000766     2.230
   1.04077  0.00014  0.00237 -0.09584  0.000274  0.000123  0.007413     2.230
   1.04268 -0.00001  0.00047 -0.24353  0.000234  0.000106  0.020529     2.203
   1.04452  0.00009 -0.00138 -0.40674  0.000231  0.000103  0.032446     2.243
   1.04638  0.00049 -0.00318 -0.55900  0.000238  0.000106  0.042826     2.239
   1.04830  0.00119 -0.00498 -0.69753  0.000254  0.000112  0.048508     2.262
   1.05035  0.00220 -0.00676 -0.80315  0.000290  0.000126  0.046519     2.311
   1.05254  0.00351 -0.00851 -0.89716  0.000309  0.000136  0.050317     2.275
   1.05487  0.00512 -0.01021 -0.96611  0.000358  0.000152  0.043192     2.355
   1.05738  0.00701 -0.01184 -1.00922  0.000412  0.000172  0.037616     2.391
   1.06008  0.00920 -0.01343 -1.03483  0.000479  0.000196  0.031452     2.441
   1.06301  0.01168 -0.01499 -1.05751  0.000526  0.000217  0.029928     2.419
   1.06622  0.01448 -0.01656 -1.07247  0.000597  0.000242  0.025452     2.464
   1.06978  0.01766 -0.01815 -1.08473  0.000658  0.000267  0.023293     2.467
   1.07377  0.02129 -0.01981 -1.09725  0.000713  0.000290  0.021937     2.458
   1.07825  0.02543 -0.02154 -1.10924  0.000773  0.000315  0.020403     2.458
   1.08332  0.03017 -0.02333 -1.12396  0.000819  0.000337  0.020090     2.432
   1.08907  0.03561 -0.02519 -1.13692  0.000886  0.000362  0.018503     2.445
   1.09564  0.04190 -0.02708 -1.14754  0.000964  0.000391  0.016838     2.464
   1.10320  0.04922 -0.02900 -1.15263  0.001076  0.000428  0.014358     2.514
   1.11196  0.05776 -0.03093 -1.15266  0.001210  0.000471  0.012028     2.567
   1.12207  0.06768 -0.03288 -1.15098  0.001341  0.000518  0.010564     2.589
   1.13350  0.07895 -0.03481 -1.14955  0.001462  0.000565  0.009673     2.588
   1.14613  0.09144 -0.03664 -1.14721  0.001599  0.000615  0.008701     2.601
   1.15994  0.10515 -0.03835 -1.14203  0.001775  0.000671  0.007397     2.646
   1.17469  0.11981 -0.03996 -1.13928  0.001888  0.000720  0.007132     2.622
   1.18993  0.13498 -0.04141 -1.13759  0.001998  0.000767  0.006861     2.606
   1.20552  0.15051 -0.04267 -1.13602  0.002114  0.000812  0.006504     2.603
   1.22143  0.16639 -0.04375 -1.13372  0.002247  0.000859  0.006017     2.616
   1.23764  0.18258 -0.04467 -1.13114  0.002379  0.000905  0.005589     2.629
   1.25400  0.19892 -0.04546 -1.12918  0.002489  0.000948  0.005351     2.626
   1.27036  0.21526 -0.04609 -1.12813  0.002575  0.000986  0.005258     2.611
   1.28677  0.23166 -0.04656 -1.12589  0.002703  0.001028  0.004901     2.629
   1.30335  0.24824 -0.04689 -1.12342  0.002830  0.001070  0.004589     2.644
   1.32002  0.26491 -0.04711 -1.12131  0.002938  0.001110  0.004395     2.647
   1.33663  0.28153 -0.04721 -1.11958  0.003032  0.001146  0.004269     2.644
   1.35321  0.29810 -0.04717 -1.11704  0.003158  0.001186  0.004002     2.662
   1.36986  0.31475 -0.04699 -1.11414  0.003293  0.001227  0.003729     2.684
   1.38656  0.33145 -0.04670 -1.11115  0.003425  0.001267  0.003495     2.703
   1.40323  0.34811 -0.04629 -1.10782  0.003568  0.001308  0.003244     2.728
   1.41985  0.36473 -0.04576 -1.10412  0.003725  0.001350  0.002977     2.759
   1.43647  0.38133 -0.04510 -1.09978  0.003916  0.001396  0.002652     2.806
   1.45309  0.39793 -0.04431 -1.09480  0.004144  0.001444  0.002284     2.870
   1.46972  0.41453 -0.04339 -1.08941  0.004406  0.001494  0.001906     2.949
   1.48633  0.43111 -0.04234 -1.08350  0.004731  0.001547  0.001485     3.057
   1.50291  0.44765 -0.04116 -1.07741  0.005120  0.001602  0.001060     3.196
   1.51945  0.46414 -0.03985 -1.07134  0.005607  0.001657  0.000627     3.384
   1.53596  0.48059 -0.03840 -1.06569  0.006206  0.001709  0.000226     3.632
   1.55247  0.49701 -0.03680 -1.06077  0.006945  0.001755 -0.000106     3.957
   1.56903  0.51348 -0.03504 -1.05660  0.007828  0.001797 -0.000324     4.357
   1.58574  0.53008 -0.03313 -1.05304  0.008856  0.001834 -0.000423     4.828
   1.60264  0.54687 -0.03109 -1.05019  0.009996  0.001866 -0.000439     5.355
   1.61973  0.56382 -0.02896 -1.04794  0.011216  0.001894 -0.000424     5.922
   1.63695  0.58089 -0.02675 -1.04617  0.012487  0.001917 -0.000403     6.513
   1.65426  0.59806 -0.02449 -1.04476  0.013787  0.001937 -0.000387     7.118
   1.67164  0.61529 -0.02221 -1.04361  0.015082  0.001954 -0.000375     7.718
   1.68905  0.63255 -0.01994 -1.04263  0.016348  0.001970 -0.000365     8.300
   1.70644  0.64979 -0.01769 -1.04178  0.017563  0.001984 -0.000358     8.853
   1.72377  0.66698 -0.01547 -1.04101  0.018721  0.001997 -0.000352     9.373
   1.74101  0.68409 -0.01330 -1.04031  0.019801  0.002010 -0.000347     9.849
   1.75815  0.70109 -0.01119 -1.03963  0.020782  0.002023 -0.000342    10.271
   1.77520  0.71802 -0.00917 -1.03896  0.021648  0.002037 -0.000338    10.628
   1.79217  0.73488 -0.00723 -1.03829  0.022390  0.002051 -0.000335    10.915
   1.80907  0.75168 -0.00538 -1.03759  0.022989  0.002067 -0.000331    11.123
   1.82588  0.76841 -0.00365 -1.03686  0.023440  0.002083 -0.000328    11.251
   1.84259  0.78504 -0.00203 -1.03608  0.023713  0.002102 -0.000325    11.282
   1.85920  0.80157 -0.00054 -1.03523  0.023794  0.002122 -0.000322    11.212
   1.87568  0.81800  0.00080 -1.03430  0.023650  0.002145 -0.000318    11.026
   1.89204  0.83432  0.00198 -1.03326  0.023247  0.002171 -0.000315    10.710
   1.90829  0.85054  0.00299 -1.03205  0.022524  0.002200 -0.000313    10.238
   1.92442  0.86665  0.00381 -1.01316  0.021661  0.002698 -0.000227     8.030
   1.94041  0.88262  0.00443 -0.98549  0.020563  0.003458 -0.000209     5.947
   1.95619  0.89840  0.00486 -0.95831  0.019204  0.004232 -0.000142     4.537
   1.97170  0.91391  0.00506 -0.93391  0.017670  0.004947  0.000111     3.572
   1.98685  0.92905  0.00502 -0.91689  0.016022  0.005451  0.000485     2.939
   2.00150  0.94370  0.00473 -0.90665  0.014356  0.005753  0.000923     2.495
   2.01546  0.95766  0.00418 -0.90325  0.012736  0.005856  0.001405     2.175
   2.02853  0.97070  0.00337 -0.90661  0.011189  0.005780  0.001991     1.936
   2.04056  0.98268  0.00230 -0.91698  0.009716  0.005548  0.002785     1.751
   2.05143  0.99347  0.00100 -0.93553  0.008290  0.005172  0.003770     1.603
   2.05803  1.00000  0.00000 -0.92713  0.008560  0.005357  0.003663     1.598
   2.05803  1.00010 -0.00002  0.92713  0.059075  0.018449  0.000000     3.202
   2.06467  1.00659 -0.00142  0.92434  0.054393  0.018731  0.000000     2.904
   2.07243  1.01422 -0.00281  0.92095  0.051882  0.019065  0.000000     2.721
   2.08150  1.02317 -0.00428  0.91777  0.049345  0.019372  0.000000     2.547
   2.09210  1.03365 -0.00586  0.91500  0.046708  0.019633  0.000000     2.379
   2.10448  1.04591 -0.00757  0.91296  0.043916  0.019821  0.000000     2.216
   2.11896  1.06027 -0.00942  0.91199  0.040973  0.019906  0.000000     2.058
   2.13587  1.07707 -0.01143  0.91245  0.037924  0.019865  0.000000     1.909
   2.15564  1.09672 -0.01361  0.91463  0.034844  0.019681  0.000000     1.770
   2.17875  1.11970 -0.01597  0.91867  0.031836  0.019361  0.000000     1.644
   2.20575  1.14658 -0.01853  0.92444  0.029005  0.018929  0.000000     1.532
   2.23731  1.17802 -0.02129  0.93159  0.026441  0.018427  0.000000     1.435
   2.27420  1.21479 -0.02426  0.93951  0.024201  0.017904  0.000000     1.352
   2.31730  1.25778 -0.02745  0.94762  0.022300  0.017399  0.000000     1.282
   2.36768  1.30804 -0.03086  0.95542  0.020723  0.016941  0.000000     1.223
   2.42656  1.36681 -0.03448  0.96260  0.019436  0.016539  0.000000     1.175
   2.49537  1.43551 -0.03832  0.96900  0.018398  0.016197  0.000000     1.136
   2.57580  1.51583 -0.04236  0.97458  0.017570  0.015908  0.000000     1.104
   2.66978  1.60972 -0.04659  0.97935  0.016916  0.015668  0.000000     1.080
   2.77963  1.71948 -0.05100  0.98338  0.016405  0.015469  0.000000     1.061
   2.90801  1.84778 -0.05554  0.98672  0.016010  0.015307  0.000000     1.046
   3.05804  1.99774 -0.06019  0.99025  0.015668  0.015140  0.000000     1.035
