BlendedAirfoil                                  
 Alfa =   0.05000 Re =    50000.000 Xflap,Yflap =     0.000000    0.000000
#    x        y        Cp  
   1.00000  0.00000 -0.09386
   0.99360  0.00192 -0.10049
   0.98272  0.00530 -0.11378
   0.97032  0.00914 -0.13066
   0.95680  0.01317 -0.15125
   0.94246  0.01720 -0.17629
   0.92739  0.02118 -0.20767
   0.91167  0.02516 -0.25059
   0.89549  0.02915 -0.26150
   0.87905  0.03313 -0.26167
   0.86245  0.03708 -0.26181
   0.84577  0.04099 -0.26191
   0.82904  0.04484 -0.26198
   0.81229  0.04864 -0.26202
   0.79553  0.05238 -0.26205
   0.77875  0.05606 -0.26205
   0.76200  0.05967 -0.26204
   0.74535  0.06319 -0.26204
   0.72877  0.06660 -0.26205
   0.71222  0.06990 -0.26211
   0.69568  0.07308 -0.26224
   0.67915  0.07616 -0.26246
   0.66266  0.07911 -0.26280
   0.64620  0.08193 -0.26332
   0.62976  0.08462 -0.26407
   0.61329  0.08718 -0.26515
   0.59681  0.08962 -0.26661
   0.58038  0.09191 -0.26857
   0.56400  0.09406 -0.27121
   0.54760  0.09605 -0.27471
   0.53117  0.09790 -0.27929
   0.51477  0.09961 -0.28523
   0.49845  0.10115 -0.29285
   0.48218  0.10252 -0.30244
   0.46588  0.10371 -0.31414
   0.44957  0.10475 -0.32773
   0.43329  0.10561 -0.34359
   0.41711  0.10630 -0.36156
   0.40098  0.10679 -0.38066
   0.38489  0.10708 -0.40025
   0.36879  0.10718 -0.41883
   0.35270  0.10708 -0.43627
   0.33674  0.10680 -0.45275
   0.32097  0.10629 -0.46623
   0.30526  0.10554 -0.47538
   0.28945  0.10454 -0.48126
   0.27369  0.10335 -0.48888
   0.25820  0.10195 -0.49204
   0.24291  0.10027 -0.48914
   0.22758  0.09831 -0.48156
   0.21226  0.09610 -0.47219
   0.19713  0.09366 -0.46144
   0.18221  0.09095 -0.44470
   0.16741  0.08797 -0.42574
   0.15275  0.08473 -0.40419
   0.13836  0.08125 -0.37884
   0.12444  0.07757 -0.35248
   0.11101  0.07364 -0.31554
   0.09797  0.06946 -0.27346
   0.08560  0.06517 -0.23299
   0.07425  0.06087 -0.18939
   0.06387  0.05649 -0.12174
   0.05444  0.05215 -0.05681
   0.04611  0.04801  0.00050
   0.03891  0.04412  0.06451
   0.03273  0.04046  0.13580
   0.02743  0.03701  0.21024
   0.02288  0.03375  0.29161
   0.01898  0.03066  0.37228
   0.01561  0.02774  0.46101
   0.01272  0.02495  0.54704
   0.01024  0.02228  0.62838
   0.00811  0.01971  0.71814
   0.00630  0.01724  0.79825
   0.00476  0.01485  0.87171
   0.00350  0.01255  0.93073
   0.00246  0.01033  0.97094
   0.00163  0.00819  0.99793
   0.00098  0.00612  0.99864
   0.00048  0.00410  0.96767
   0.00015  0.00214  0.89387
   0.00001  0.00024  0.78481
   0.00012 -0.00161  0.58537
   0.00052 -0.00343  0.37243
   0.00123 -0.00524  0.15745
   0.00223 -0.00703 -0.04012
   0.00354 -0.00879 -0.20254
   0.00514 -0.01048 -0.32516
   0.00705 -0.01212 -0.38827
   0.00924 -0.01371 -0.41221
   0.01171 -0.01530 -0.43504
   0.01450 -0.01689 -0.44780
   0.01766 -0.01852 -0.46089
   0.02125 -0.02021 -0.47404
   0.02534 -0.02197 -0.49224
   0.03002 -0.02380 -0.50795
   0.03539 -0.02569 -0.52129
   0.04158 -0.02763 -0.53189
   0.04875 -0.02960 -0.53377
   0.05710 -0.03158 -0.52560
   0.06678 -0.03358 -0.51011
   0.07781 -0.03556 -0.49402
   0.09010 -0.03747 -0.47584
   0.10359 -0.03926 -0.45665
   0.11806 -0.04096 -0.43934
   0.13314 -0.04249 -0.42704
   0.14862 -0.04385 -0.41427
   0.16445 -0.04503 -0.40376
   0.18059 -0.04604 -0.39151
   0.19691 -0.04691 -0.38269
   0.21328 -0.04763 -0.37377
   0.22971 -0.04819 -0.36510
   0.24629 -0.04860 -0.35599
   0.26296 -0.04890 -0.34723
   0.27961 -0.04908 -0.33937
   0.29624 -0.04912 -0.33052
   0.31291 -0.04903 -0.32103
   0.32963 -0.04882 -0.31133
   0.34633 -0.04849 -0.30117
   0.36298 -0.04803 -0.29019
   0.37961 -0.04745 -0.27849
   0.39623 -0.04673 -0.26583
   0.41285 -0.04588 -0.25258
   0.42943 -0.04489 -0.23929
   0.44597 -0.04378 -0.22622
   0.46247 -0.04253 -0.21396
   0.47892 -0.04112 -0.20297
   0.49532 -0.03957 -0.19341
   0.51176 -0.03785 -0.18502
   0.52831 -0.03597 -0.17791
   0.54506 -0.03395 -0.17207
   0.56199 -0.03181 -0.16735
   0.57906 -0.02959 -0.16351
   0.59626 -0.02732 -0.16037
   0.61355 -0.02500 -0.15775
   0.63090 -0.02268 -0.15553
   0.64824 -0.02037 -0.15359
   0.66552 -0.01809 -0.15189
   0.68272 -0.01585 -0.15036
   0.69982 -0.01367 -0.14893
   0.71684 -0.01156 -0.14758
   0.73379 -0.00953 -0.14627
   0.75067 -0.00760 -0.14498
   0.76746 -0.00576 -0.14369
   0.78418 -0.00404 -0.14239
   0.80079 -0.00245 -0.14104
   0.81731 -0.00100 -0.13965
   0.83371  0.00030 -0.13819
   0.85000  0.00143 -0.13665
   0.86619  0.00238 -0.13501
   0.88223  0.00314 -0.13327
   0.89808  0.00370 -0.13140
   0.91366  0.00404 -0.12941
   0.92887  0.00415 -0.12727
   0.94358  0.00401 -0.12500
   0.95760  0.00361 -0.12261
   0.97069  0.00296 -0.12016
   0.98268  0.00205 -0.11770
   0.99348  0.00090 -0.11020
   1.00000  0.00000 -0.09386
