BlendedAirfoil                                  
 Alfa =   0.50000 Re =    50000.000 Xflap,Yflap =     0.000000    0.000000
#    x        y        Cp  
   1.00000  0.00000 -0.09270
   0.99360  0.00192 -0.09879
   0.98272  0.00530 -0.11084
   0.97032  0.00914 -0.12582
   0.95680  0.01317 -0.14406
   0.94246  0.01720 -0.16574
   0.92739  0.02118 -0.19176
   0.91167  0.02516 -0.22407
   0.89549  0.02915 -0.26740
   0.87905  0.03313 -0.28236
   0.86245  0.03708 -0.28254
   0.84577  0.04099 -0.28267
   0.82904  0.04484 -0.28277
   0.81229  0.04864 -0.28283
   0.79553  0.05238 -0.28286
   0.77875  0.05606 -0.28286
   0.76200  0.05967 -0.28284
   0.74535  0.06319 -0.28281
   0.72877  0.06660 -0.28280
   0.71222  0.06990 -0.28281
   0.69568  0.07308 -0.28286
   0.67915  0.07616 -0.28299
   0.66266  0.07911 -0.28321
   0.64620  0.08193 -0.28357
   0.62976  0.08462 -0.28411
   0.61329  0.08718 -0.28492
   0.59681  0.08962 -0.28603
   0.58038  0.09191 -0.28756
   0.56400  0.09406 -0.28964
   0.54760  0.09605 -0.29244
   0.53117  0.09790 -0.29616
   0.51477  0.09961 -0.30100
   0.49845  0.10115 -0.30731
   0.48218  0.10252 -0.31543
   0.46588  0.10371 -0.32566
   0.44957  0.10475 -0.33806
   0.43329  0.10561 -0.35246
   0.41711  0.10630 -0.36927
   0.40098  0.10679 -0.38802
   0.38489  0.10708 -0.40796
   0.36879  0.10718 -0.42789
   0.35270  0.10708 -0.44717
   0.33674  0.10680 -0.46555
   0.32097  0.10629 -0.48121
   0.30526  0.10554 -0.49283
   0.28945  0.10454 -0.50183
   0.27369  0.10335 -0.51015
   0.25820  0.10195 -0.51628
   0.24291  0.10027 -0.51554
   0.22758  0.09831 -0.50962
   0.21226  0.09610 -0.50338
   0.19713  0.09366 -0.49410
   0.18221  0.09095 -0.48064
   0.16741  0.08797 -0.46218
   0.15275  0.08473 -0.44403
   0.13836  0.08125 -0.42152
   0.12444  0.07757 -0.39659
   0.11101  0.07364 -0.36292
   0.09797  0.06946 -0.32292
   0.08560  0.06517 -0.28648
   0.07425  0.06087 -0.24538
   0.06387  0.05649 -0.17918
   0.05444  0.05215 -0.12032
   0.04611  0.04801 -0.06372
   0.03891  0.04412 -0.00353
   0.03273  0.04046  0.06756
   0.02743  0.03701  0.14145
   0.02288  0.03375  0.22084
   0.01898  0.03066  0.30164
   0.01561  0.02774  0.38308
   0.01272  0.02495  0.47418
   0.01024  0.02228  0.56511
   0.00811  0.01971  0.65188
   0.00630  0.01724  0.74598
   0.00476  0.01485  0.82469
   0.00350  0.01255  0.88934
   0.00246  0.01033  0.94644
   0.00163  0.00819  0.98501
   0.00098  0.00612  0.99979
   0.00048  0.00410  0.98925
   0.00015  0.00214  0.94221
   0.00001  0.00024  0.85055
   0.00012 -0.00161  0.69280
   0.00052 -0.00343  0.50741
   0.00123 -0.00524  0.30328
   0.00223 -0.00703  0.10551
   0.00354 -0.00879 -0.04474
   0.00514 -0.01048 -0.16018
   0.00705 -0.01212 -0.23723
   0.00924 -0.01371 -0.27239
   0.01171 -0.01530 -0.30267
   0.01450 -0.01689 -0.32865
   0.01766 -0.01852 -0.35078
   0.02125 -0.02021 -0.36992
   0.02534 -0.02197 -0.39240
   0.03002 -0.02380 -0.41730
   0.03539 -0.02569 -0.43518
   0.04158 -0.02763 -0.45209
   0.04875 -0.02960 -0.45861
   0.05710 -0.03158 -0.45709
   0.06678 -0.03358 -0.44730
   0.07781 -0.03556 -0.43611
   0.09010 -0.03747 -0.42272
   0.10359 -0.03926 -0.40794
   0.11806 -0.04096 -0.39435
   0.13314 -0.04249 -0.38597
   0.14862 -0.04385 -0.37706
   0.16445 -0.04503 -0.36876
   0.18059 -0.04604 -0.35954
   0.19691 -0.04691 -0.35272
   0.21328 -0.04763 -0.34626
   0.22971 -0.04819 -0.34010
   0.24629 -0.04860 -0.33289
   0.26296 -0.04890 -0.32574
   0.27961 -0.04908 -0.31953
   0.29624 -0.04912 -0.31316
   0.31291 -0.04903 -0.30511
   0.32963 -0.04882 -0.29745
   0.34633 -0.04849 -0.28876
   0.36298 -0.04803 -0.27968
   0.37961 -0.04745 -0.26933
   0.39623 -0.04673 -0.25822
   0.41285 -0.04588 -0.24591
   0.42943 -0.04489 -0.23307
   0.44597 -0.04378 -0.21998
   0.46247 -0.04253 -0.20705
   0.47892 -0.04112 -0.19488
   0.49532 -0.03957 -0.18400
   0.51176 -0.03785 -0.17458
   0.52831 -0.03597 -0.16630
   0.54506 -0.03395 -0.15924
   0.56199 -0.03181 -0.15342
   0.57906 -0.02959 -0.14864
   0.59626 -0.02732 -0.14470
   0.61355 -0.02500 -0.14141
   0.63090 -0.02268 -0.13861
   0.64824 -0.02037 -0.13620
   0.66552 -0.01809 -0.13407
   0.68272 -0.01585 -0.13217
   0.69982 -0.01367 -0.13041
   0.71684 -0.01156 -0.12877
   0.73379 -0.00953 -0.12720
   0.75067 -0.00760 -0.12566
   0.76746 -0.00576 -0.12415
   0.78418 -0.00404 -0.12263
   0.80079 -0.00245 -0.12108
   0.81731 -0.00100 -0.11950
   0.83371  0.00030 -0.11785
   0.85000  0.00143 -0.11612
   0.86619  0.00238 -0.11430
   0.88223  0.00314 -0.11237
   0.89808  0.00370 -0.11032
   0.91366  0.00404 -0.10813
   0.92887  0.00415 -0.10580
   0.94358  0.00401 -0.10333
   0.95760  0.00361 -0.10075
   0.97069  0.00296 -0.09811
   0.98268  0.00205 -0.09548
   0.99348  0.00090 -0.09300
   1.00000  0.00000 -0.09270
